1 701274
2 6000
3 4914
4 4482
5 5886
6 5940
7 5385
8 5553
9 56184
10 5715
11 5481
12 5718
13 5181
14 4365
15 5265
16 5400
17 5841
18 5814
19 6186
20 4332
21 5847
22 4314
23 4317
24 4869
25 5487
26 5682
27 5718
28 5733
29 4575
30 5652
31 5400
32 3504
33 76212
34 5436
35 5136
36 6240
37 4470
38 6240
39 4416
40 3942
41 5052
42 6060
43 5004
44 5280
45 5307
46 4416
47 5121
48 4425
49 5604
50 5409
51 5145
52 1494
53 1314
54 894
55 810
56 843
57 1836
58 1269
59 834
60 798
61 822
62 828
63 795
64 822
65 1794
66 1278
67 810
68 828
69 792
70 795
71 825
72 843
73 1800
74 1260
75 813
76 828
77 840
78 810
79 831
80 855
81 1764
82 1227
83 816
84 792
85 819
86 843
87 795
88 807
89 1728
90 1230
91 819
92 843
93 813
94 819
95 822
96 822
97 115914
98 1608
99 711
100 708
101 705
102 705
103 705
104 726
105 1353
106 990
107 705
108 705
109 708
110 705
111 705
112 729
113 1329
114 963
115 699
116 699
117 699
118 705
119 705
120 705
121 1305
122 975
123 708
124 699
125 699
126 699
127 705
128 705
129 1311
130 966
131 702
132 702
133 699
134 699
135 702
136 702
137 1296
138 963
139 702
140 702
141 702
142 702
143 702
144 705
145 1281
146 711
147 705
148 702
149 699
150 702
151 702
152 702
153 1050
154 702
155 702
156 699
157 702
158 702
159 705
160 705
161 1050
162 705
163 702
164 702
165 702
166 699
167 702
168 702
169 1035
170 702
171 702
172 702
173 702
174 702
175 702
176 702
177 1050
178 702
179 702
180 702
181 702
182 702
183 702
184 702
185 1041
186 702
187 702
188 702
189 702
190 699
191 702
192 702
193 1050
194 702
195 702
196 702
197 702
198 702
199 702
200 702
201 1032
202 702
203 702
204 702
205 702
206 702
207 702
208 702
209 1050
210 699
211 702
212 702
213 702
214 702
215 702
216 702
217 1041
218 702
219 702
220 702
221 702
222 702
223 702
224 702
225 1574742
226 3186
227 1470
228 1230
229 1182
230 1182
231 1176
232 1218
233 1674
234 1428
235 1182
236 1182
237 1176
238 1176
239 1164
240 933
241 1740
242 1005
243 723
244 717
245 741
246 717
247 720
248 717
249 1386
250 1011
251 720
252 717
253 723
254 717
255 720
256 717
257 1245
258 1005
259 720
260 717
261 720
262 717
263 720
264 717
265 1329
266 978
267 717
268 711
269 711
270 711
271 711
272 717
273 1302
274 942
275 717
276 717
277 711
278 711
279 711
280 717
281 1320
282 972
283 717
284 711
285 717
286 717
287 711
288 717
289 1320
290 1035
291 711
292 723
293 717
294 723
295 720
296 720
297 1368
298 981
299 711
300 711
301 711
302 711
303 711
304 717
305 1299
306 1011
307 717
308 711
309 711
310 711
311 711
312 717
313 1059
314 717
315 711
316 711
317 711
318 711
319 711
320 717
321 1125
322 720
323 717
324 717
325 711
326 711
327 711
328 717
329 1050
330 711
331 711
332 711
333 708
334 711
335 711
336 717
337 1059
338 711
339 711
340 711
341 711
342 711
343 711
344 708
345 1059
346 711
347 711
348 711
349 711
350 708
351 711
352 717
353 1059
354 711
355 711
356 711
357 711
358 705
359 705
360 711
361 1041
362 711
363 711
364 708
365 708
366 708
367 708
368 708
369 1032
370 708
371 708
372 708
373 702
374 705
375 705
376 705
377 1029
378 711
379 708
380 708
381 705
382 708
383 705
384 708
385 1053
386 711
387 708
388 705
389 708
390 705
391 708
392 708
393 1029
394 711
395 705
396 708
397 705
398 708
399 708
400 708
401 1017
402 705
403 705
404 705
405 708
406 708
407 705
408 708
409 1032
410 711
411 705
412 708
413 705
414 705
415 705
416 711
417 1035
418 708
419 705
420 705
421 705
422 708
423 705
424 708
425 1032
426 711
427 708
428 708
429 702
430 708
431 705
432 708
433 1047
434 711
435 708
436 705
437 708
438 708
439 705
440 708
441 1035
442 711
443 708
444 705
445 705
446 705
447 705
448 708
449 1041
450 708
451 708
452 705
453 708
454 708
455 705
456 708
457 1053
458 708
459 705
460 708
461 702
462 705
463 708
464 705
465 1029
466 708
467 705
468 705
469 705
470 705
471 705
472 705
473 1044
474 711
475 708
476 708
477 708
478 702
479 702
480 708
481 86196
482 1974
483 969
484 804
485 705
486 708
487 708
488 729
489 1308
490 1005
491 711
492 711
493 711
494 708
495 708
496 729
497 1356
498 1041
499 711
500 711
501 708
502 717
503 711
504 717
505 1407
506 1005
507 711
508 708
509 708
510 714
511 711
512 957
513 1194
514 795
515 741
516 735
517 741
518 735
519 741
520 726
521 1329
522 1005
523 717
524 717
525 711
526 711
527 711
528 717
529 1329
530 999
531 711
532 711
533 711
534 711
535 711
536 717
537 1326
538 993
539 717
540 717
541 711
542 717
543 708
544 717
545 1320
546 996
547 717
548 708
549 711
550 711
551 711
552 717
553 1302
554 999
555 711
556 711
557 711
558 711
559 711
560 717
561 1125
562 735
563 720
564 726
565 720
566 726
567 723
568 723
569 1053
570 738
571 717
572 711
573 714
574 711
575 711
576 708
577 1158
578 717
579 711
580 711
581 711
582 711
583 705
584 717
585 1026
586 708
587 708
588 708
589 708
590 708
591 708
592 711
593 1080
594 711
595 711
596 711
597 711
598 705
599 711
600 717
601 1062
602 717
603 708
604 711
605 711
606 711
607 711
608 711
609 1059
610 711
611 711
612 705
613 711
614 711
615 711
616 708
617 1050
618 705
619 711
620 705
621 708
622 711
623 708
624 711
625 1041
626 711
627 708
628 708
629 708
630 705
631 705
632 708
633 1032
634 711
635 708
636 708
637 705
638 708
639 705
640 705
641 1053
642 708
643 708
644 705
645 711
646 708
647 708
648 708
649 1050
650 708
651 708
652 705
653 705
654 708
655 708
656 705
657 1041
658 711
659 708
660 711
661 705
662 708
663 708
664 708
665 1050
666 711
667 708
668 708
669 708
670 708
671 708
672 708
673 1032
674 711
675 705
676 708
677 708
678 708
679 708
680 705
681 1059
682 711
683 708
684 708
685 708
686 705
687 705
688 708
689 1044
690 708
691 705
692 711
693 708
694 708
695 705
696 711
697 1062
698 708
699 708
700 708
701 708
702 705
703 708
704 708
705 1044
706 711
707 705
708 708
709 708
710 708
711 708
712 708
713 1050
714 711
715 705
716 708
717 708
718 708
719 708
720 708
721 1047
722 711
723 708
724 705
725 708
726 705
727 708
728 708
729 1056
730 708
731 708
732 708
733 708
734 708
735 705
736 708
737 811503
738 2256
739 1005
740 906
741 708
742 708
743 708
744 735
745 1374
746 1023
747 711
748 708
749 708
750 711
751 708
752 729
753 1299
754 1005
755 711
756 708
757 711
758 711
759 711
760 717
761 1440
762 1311
763 717
764 723
765 717
766 711
767 720
768 720
769 1320
770 1011
771 717
772 717
773 711
774 711
775 711
776 717
777 1329
778 1023
779 717
780 711
781 711
782 711
783 711
784 717
785 1317
786 981
787 720
788 717
789 711
790 711
791 711
792 717
793 1497
794 996
795 717
796 711
797 711
798 711
799 711
800 708
801 1302
802 978
803 717
804 711
805 711
806 708
807 711
808 717
809 1455
810 1023
811 729
812 729
813 729
814 729
815 729
816 735
817 1320
818 717
819 711
820 711
821 711
822 708
823 711
824 717
825 1053
826 711
827 705
828 705
829 708
830 708
831 705
832 717
833 1059
834 717
835 711
836 708
837 711
838 711
839 708
840 708
841 1062
842 711
843 711
844 711
845 711
846 711
847 711
848 714
849 1041
850 711
851 711
852 708
853 711
854 711
855 711
856 717
857 1071
858 711
859 711
860 711
861 711
862 711
863 711
864 714
865 1050
866 711
867 711
868 708
869 711
870 711
871 711
872 717
873 1029
874 711
875 708
876 708
877 705
878 705
879 705
880 705
881 1032
882 705
883 708
884 705
885 708
886 705
887 708
888 708
889 1035
890 708
891 708
892 708
893 708
894 708
895 708
896 708
897 1047
898 708
899 708
900 708
901 708
902 705
903 708
904 705
905 1050
906 708
907 708
908 708
909 708
910 708
911 708
912 708
913 1026
914 708
915 708
916 705
917 705
918 708
919 705
920 705
921 1050
922 708
923 705
924 708
925 708
926 708
927 708
928 708
929 1029
930 708
931 711
932 708
933 708
934 705
935 708
936 708
937 1035
938 705
939 708
940 708
941 708
942 708
943 702
944 711
945 1050
946 708
947 708
948 708
949 705
950 708
951 705
952 711
953 1047
954 708
955 708
956 705
957 708
958 708
959 705
960 711
961 1023
962 708
963 708
964 708
965 708
966 708
967 708
968 708
969 1035
970 708
971 708
972 708
973 708
974 708
975 708
976 705
977 1032
978 708
979 708
980 708
981 708
982 708
983 705
984 705
985 1041
986 708
987 708
988 708
989 708
990 708
991 705
992 708
993 871065
994 2808
995 1452
996 1182
997 1032
998 891
999 975
1000 1206
1001 1764
1002 1434
1003 1170
1004 1170
1005 1170
1006 1176
1007 1170
1008 1206
1009 1752
1010 1434
1011 1182
1012 1176
1013 1176
1014 1176
1015 1176
1016 1182
1017 1746
1018 1434
1019 1170
1020 1164
1021 1164
1022 1158
1023 1170
1024 1170
1025 1770
1026 1428
1027 1176
1028 1176
1029 1176
1030 1170
1031 1176
1032 1170
1033 1734
1034 1422
1035 1176
1036 1176
1037 780
1038 936
1039 747
1040 1023
1041 1341
1042 1008
1043 774
1044 717
1045 717
1046 717
1047 738
1048 738
1049 1335
1050 1044
1051 717
1052 711
1053 711
1054 711
1055 711
1056 738
1057 1401
1058 969
1059 717
1060 717
1061 717
1062 717
1063 711
1064 717
1065 1317
1066 867
1067 711
1068 717
1069 711
1070 711
1071 711
1072 708
1073 1524
1074 1011
1075 711
1076 708
1077 711
1078 711
1079 711
1080 717
1081 1068
1082 717
1083 711
1084 708
1085 708
1086 708
1087 708
1088 717
1089 1311
1090 711
1091 711
1092 711
1093 711
1094 711
1095 711
1096 708
1097 1062
1098 711
1099 708
1100 711
1101 711
1102 711
1103 708
1104 717
1105 1053
1106 717
1107 711
1108 711
1109 711
1110 711
1111 711
1112 717
1113 1065
1114 717
1115 711
1116 711
1117 711
1118 711
1119 711
1120 708
1121 1071
1122 711
1123 711
1124 711
1125 708
1126 711
1127 711
1128 708
1129 1050
1130 711
1131 708
1132 708
1133 711
1134 708
1135 708
1136 711
1137 1047
1138 711
1139 708
1140 711
1141 711
1142 705
1143 705
1144 711
1145 1035
1146 705
1147 711
1148 708
1149 705
1150 708
1151 708
1152 711
1153 1053
1154 711
1155 708
1156 708
1157 711
1158 705
1159 708
1160 708
1161 1035
1162 708
1163 708
1164 708
1165 708
1166 708
1167 705
1168 711
1169 1020
1170 711
1171 708
1172 708
1173 705
1174 708
1175 708
1176 708
1177 1026
1178 708
1179 708
1180 705
1181 708
1182 708
1183 708
1184 708
1185 1053
1186 711
1187 705
1188 708
1189 708
1190 708
1191 705
1192 708
1193 1047
1194 711
1195 708
1196 708
1197 708
1198 708
1199 708
1200 708
1201 1026
1202 711
1203 711
1204 708
1205 705
1206 708
1207 708
1208 708
1209 1041
1210 708
1211 708
1212 708
1213 708
1214 708
1215 708
1216 708
1217 1050
1218 711
1219 705
1220 708
1221 708
1222 702
1223 708
1224 708
1225 1035
1226 708
1227 705
1228 708
1229 708
1230 708
1231 708
1232 705
1233 1029
1234 708
1235 705
1236 705
1237 708
1238 705
1239 708
1240 708
1241 1041
1242 711
1243 708
1244 708
1245 705
1246 708
1247 705
1248 711
1249 847953
1250 2229
1251 1050
1252 840
1253 702
1254 702
1255 708
1256 723
1257 1335
1258 975
1259 699
1260 705
1261 714
1262 708
1263 702
1264 735
1265 1311
1266 972
1267 717
1268 708
1269 708
1270 717
1271 708
1272 708
1273 1353
1274 1014
1275 711
1276 708
1277 708
1278 717
1279 708
1280 717
1281 1386
1282 1008
1283 717
1284 717
1285 717
1286 708
1287 708
1288 708
1289 1122
1290 726
1291 726
1292 726
1293 726
1294 726
1295 726
1296 729
1297 1068
1298 717
1299 705
1300 711
1301 705
1302 717
1303 711
1304 717
1305 1029
1306 738
1307 720
1308 738
1309 732
1310 732
1311 732
1312 735
1313 1188
1314 738
1315 717
1316 717
1317 717
1318 717
1319 714
1320 717
1321 1077
1322 738
1323 738
1324 738
1325 738
1326 738
1327 738
1328 726
1329 1332
1330 717
1331 711
1332 711
1333 711
1334 717
1335 714
1336 717
1337 1269
1338 711
1339 711
1340 711
1341 714
1342 711
1343 711
1344 717
1345 1053
1346 717
1347 711
1348 711
1349 711
1350 711
1351 711
1352 717
1353 1098
1354 711
1355 711
1356 708
1357 708
1358 711
1359 711
1360 708
1361 1065
1362 711
1363 711
1364 711
1365 711
1366 711
1367 711
1368 717
1369 1065
1370 717
1371 711
1372 711
1373 708
1374 711
1375 705
1376 708
1377 1083
1378 717
1379 708
1380 708
1381 708
1382 708
1383 708
1384 702
1385 1032
1386 711
1387 708
1388 705
1389 708
1390 708
1391 708
1392 711
1393 1032
1394 708
1395 708
1396 705
1397 705
1398 708
1399 708
1400 708
1401 1050
1402 708
1403 705
1404 708
1405 708
1406 708
1407 708
1408 708
1409 1062
1410 708
1411 708
1412 708
1413 708
1414 708
1415 708
1416 708
1417 1044
1418 711
1419 708
1420 705
1421 705
1422 708
1423 708
1424 705
1425 1026
1426 711
1427 708
1428 708
1429 708
1430 708
1431 708
1432 708
1433 1053
1434 705
1435 708
1436 705
1437 705
1438 708
1439 708
1440 708
1441 1041
1442 708
1443 708
1444 708
1445 708
1446 708
1447 705
1448 708
1449 1035
1450 711
1451 708
1452 708
1453 708
1454 705
1455 705
1456 708
1457 1038
1458 711
1459 708
1460 708
1461 708
1462 708
1463 708
1464 708
1465 1017
1466 711
1467 708
1468 705
1469 708
1470 708
1471 708
1472 705
1473 1041
1474 708
1475 708
1476 705
1477 708
1478 708
1479 708
1480 708
1481 1041
1482 711
1483 708
1484 708
1485 708
1486 705
1487 708
1488 705
1489 1029
1490 711
1491 705
1492 708
1493 708
1494 708
1495 705
1496 708
1497 1035
1498 711
1499 708
1500 705
1501 708
1502 708
1503 708
1504 708
1505 886755
1506 3042
1507 1434
1508 870
1509 708
1510 708
1511 708
1512 729
1513 1275
1514 996
1515 873
1516 1029
1517 945
1518 1095
1519 1170
1520 966
1521 1692
1522 1428
1523 1176
1524 1176
1525 747
1526 711
1527 708
1528 705
1529 1299
1530 972
1531 717
1532 711
1533 711
1534 711
1535 1107
1536 1170
1537 1761
1538 1428
1539 1176
1540 1035
1541 711
1542 711
1543 708
1544 717
1545 1752
1546 1008
1547 717
1548 717
1549 717
1550 717
1551 1125
1552 1182
1553 1662
1554 1206
1555 939
1556 1176
1557 1182
1558 909
1559 1167
1560 1176
1561 1560
1562 1206
1563 1182
1564 1182
1565 1182
1566 1176
1567 1182
1568 1161
1569 1530
1570 1188
1571 1182
1572 1164
1573 1176
1574 1176
1575 1182
1576 1176
1577 1554
1578 753
1579 867
1580 735
1581 735
1582 735
1583 735
1584 717
1585 1326
1586 984
1587 723
1588 717
1589 708
1590 714
1591 711
1592 717
1593 1311
1594 972
1595 711
1596 711
1597 711
1598 711
1599 711
1600 717
1601 1314
1602 972
1603 711
1604 708
1605 711
1606 711
1607 711
1608 708
1609 1104
1610 981
1611 711
1612 711
1613 708
1614 708
1615 708
1616 711
1617 1302
1618 978
1619 711
1620 711
1621 711
1622 711
1623 708
1624 711
1625 1278
1626 744
1627 711
1628 708
1629 708
1630 711
1631 711
1632 708
1633 1062
1634 714
1635 711
1636 708
1637 708
1638 708
1639 705
1640 708
1641 1026
1642 711
1643 708
1644 708
1645 705
1646 708
1647 708
1648 711
1649 1053
1650 711
1651 708
1652 708
1653 708
1654 708
1655 708
1656 708
1657 1044
1658 705
1659 708
1660 705
1661 708
1662 708
1663 708
1664 711
1665 1035
1666 711
1667 708
1668 708
1669 708
1670 708
1671 708
1672 708
1673 1038
1674 711
1675 708
1676 708
1677 708
1678 708
1679 705
1680 708
1681 1032
1682 711
1683 708
1684 708
1685 708
1686 708
1687 708
1688 711
1689 1044
1690 711
1691 708
1692 708
1693 708
1694 708
1695 708
1696 705
1697 1056
1698 708
1699 708
1700 705
1701 708
1702 708
1703 708
1704 708
1705 1035
1706 711
1707 708
1708 708
1709 708
1710 708
1711 708
1712 705
1713 1050
1714 708
1715 708
1716 708
1717 705
1718 708
1719 705
1720 708
1721 1044
1722 711
1723 708
1724 708
1725 705
1726 705
1727 708
1728 708
1729 1044
1730 705
1731 708
1732 708
1733 705
1734 708
1735 708
1736 708
1737 1047
1738 711
1739 708
1740 708
1741 708
1742 708
1743 708
1744 711
1745 1023
1746 708
1747 708
1748 708
1749 708
1750 708
1751 708
1752 708
1753 1059
1754 708
1755 708
1756 705
1757 702
1758 705
1759 705
1760 708
1761 931023
1762 2946
1763 1062
1764 945
1765 738
1766 711
1767 708
1768 735
1769 1350
1770 1005
1771 708
1772 711
1773 711
1774 711
1775 705
1776 738
1777 1350
1778 1005
1779 711
1780 711
1781 711
1782 708
1783 708
1784 717
1785 1740
1786 1041
1787 717
1788 711
1789 708
1790 708
1791 711
1792 717
1793 1296
1794 1005
1795 744
1796 738
1797 738
1798 738
1799 738
1800 738
1801 1302
1802 1011
1803 717
1804 717
1805 711
1806 711
1807 711
1808 717
1809 1305
1810 1050
1811 744
1812 738
1813 738
1814 738
1815 738
1816 738
1817 1479
1818 1017
1819 717
1820 717
1821 711
1822 711
1823 711
1824 717
1825 1320
1826 1035
1827 738
1828 738
1829 738
1830 738
1831 738
1832 738
1833 1548
1834 1005
1835 717
1836 717
1837 711
1838 711
1839 711
1840 717
1841 1311
1842 996
1843 717
1844 717
1845 711
1846 711
1847 711
1848 717
1849 1269
1850 969
1851 711
1852 708
1853 708
1854 711
1855 711
1856 717
1857 1083
1858 717
1859 711
1860 708
1861 711
1862 711
1863 711
1864 708
1865 1059
1866 711
1867 711
1868 711
1869 711
1870 711
1871 711
1872 717
1873 1053
1874 711
1875 711
1876 711
1877 711
1878 711
1879 711
1880 717
1881 1062
1882 711
1883 711
1884 711
1885 711
1886 708
1887 711
1888 717
1889 1059
1890 711
1891 708
1892 708
1893 708
1894 708
1895 711
1896 708
1897 1062
1898 711
1899 711
1900 711
1901 708
1902 705
1903 708
1904 711
1905 1029
1906 708
1907 708
1908 708
1909 708
1910 708
1911 705
1912 708
1913 1050
1914 711
1915 708
1916 708
1917 708
1918 708
1919 705
1920 705
1921 1032
1922 711
1923 708
1924 708
1925 708
1926 708
1927 708
1928 708
1929 1029
1930 708
1931 708
1932 708
1933 708
1934 708
1935 708
1936 708
1937 1035
1938 708
1939 708
1940 708
1941 708
1942 708
1943 708
1944 708
1945 1053
1946 708
1947 708
1948 708
1949 708
1950 708
1951 702
1952 708
1953 1041
1954 711
1955 708
1956 708
1957 708
1958 708
1959 708
1960 708
1961 1035
1962 708
1963 708
1964 708
1965 708
1966 708
1967 705
1968 711
1969 1035
1970 708
1971 705
1972 708
1973 708
1974 708
1975 705
1976 708
1977 1029
1978 705
1979 708
1980 702
1981 708
1982 708
1983 708
1984 711
1985 1029
1986 708
1987 705
1988 705
1989 708
1990 708
1991 708
1992 705
1993 1026
1994 708
1995 708
1996 705
1997 708
1998 708
1999 705
2000 702
2001 1023
2002 708
2003 708
2004 708
2005 708
2006 708
2007 708
2008 708
2009 1032
2010 711
2011 708
2012 708
2013 705
2014 711
2015 708
2016 705
2017 1003338
2018 2790
2019 1029
2020 933
2021 699
2022 708
2023 708
2024 732
2025 1302
2026 1047
2027 708
2028 801
2029 711
2030 711
2031 708
2032 726
2033 1296
2034 1008
2035 717
2036 717
2037 717
2038 717
2039 714
2040 717
2041 1623
2042 1041
2043 717
2044 717
2045 711
2046 717
2047 711
2048 1176
2049 1314
2050 1089
2051 717
2052 711
2053 711
2054 717
2055 711
2056 717
2057 1317
2058 1008
2059 723
2060 720
2061 726
2062 720
2063 723
2064 720
2065 1365
2066 1023
2067 717
2068 717
2069 711
2070 717
2071 714
2072 717
2073 1353
2074 1020
2075 717
2076 711
2077 711
2078 708
2079 711
2080 717
2081 1353
2082 1032
2083 711
2084 711
2085 711
2086 711
2087 711
2088 717
2089 1365
2090 1041
2091 717
2092 711
2093 711
2094 711
2095 711
2096 717
2097 1134
2098 723
2099 711
2100 711
2101 711
2102 711
2103 711
2104 717
2105 1308
2106 717
2107 711
2108 711
2109 711
2110 708
2111 711
2112 717
2113 1086
2114 759
2115 711
2116 711
2117 711
2118 708
2119 711
2120 717
2121 1086
2122 756
2123 711
2124 711
2125 711
2126 711
2127 708
2128 717
2129 1296
2130 732
2131 711
2132 711
2133 711
2134 711
2135 711
2136 708
2137 1104
2138 732
2139 717
2140 708
2141 708
2142 708
2143 708
2144 708
2145 1077
2146 711
2147 711
2148 711
2149 711
2150 708
2151 708
2152 717
2153 1059
2154 708
2155 708
2156 708
2157 708
2158 708
2159 708
2160 702
2161 1029
2162 708
2163 708
2164 708
2165 705
2166 708
2167 708
2168 708
2169 1044
2170 711
2171 708
2172 708
2173 708
2174 708
2175 708
2176 708
2177 1047
2178 708
2179 708
2180 708
2181 708
2182 705
2183 708
2184 708
2185 1041
2186 708
2187 708
2188 711
2189 711
2190 708
2191 711
2192 708
2193 1044
2194 708
2195 708
2196 708
2197 708
2198 708
2199 708
2200 708
2201 1053
2202 708
2203 705
2204 708
2205 705
2206 708
2207 708
2208 705
2209 1041
2210 708
2211 705
2212 708
2213 708
2214 705
2215 708
2216 705
2217 1059
2218 711
2219 711
2220 708
2221 708
2222 708
2223 711
2224 705
2225 1044
2226 708
2227 708
2228 708
2229 708
2230 708
2231 708
2232 711
2233 1032
2234 708
2235 708
2236 708
2237 708
2238 705
2239 711
2240 705
2241 1044
2242 711
2243 711
2244 708
2245 708
2246 708
2247 708
2248 708
2249 1047
2250 708
2251 708
2252 708
2253 708
2254 708
2255 708
2256 708
2257 1059
2258 711
2259 711
2260 705
2261 708
2262 708
2263 705
2264 711
2265 1044
2266 705
2267 711
2268 708
2269 705
2270 708
2271 711
2272 708
2273 960375
2274 2859
2275 1017
2276 924
2277 762
2278 783
2279 771
2280 783
2281 1518
2282 981
2283 759
2284 756
2285 741
2286 759
2287 747
2288 765
2289 1317
2290 1017
2291 747
2292 759
2293 759
2294 759
2295 753
2296 747
2297 1332
2298 978
2299 753
2300 753
2301 744
2302 747
2303 729
2304 708
2305 1359
2306 1032
2307 744
2308 738
2309 738
2310 738
2311 738
2312 738
2313 1323
2314 978
2315 717
2316 711
2317 711
2318 711
2319 711
2320 717
2321 1353
2322 1008
2323 717
2324 711
2325 711
2326 711
2327 711
2328 717
2329 1350
2330 993
2331 711
2332 711
2333 711
2334 717
2335 711
2336 714
2337 1359
2338 1005
2339 717
2340 717
2341 711
2342 717
2343 711
2344 717
2345 1305
2346 978
2347 711
2348 711
2349 711
2350 711
2351 711
2352 708
2353 1320
2354 993
2355 717
2356 711
2357 711
2358 711
2359 711
2360 717
2361 1101
2362 864
2363 711
2364 711
2365 711
2366 711
2367 711
2368 717
2369 1095
2370 717
2371 711
2372 711
2373 711
2374 711
2375 711
2376 717
2377 1101
2378 711
2379 711
2380 711
2381 711
2382 711
2383 711
2384 708
2385 1062
2386 711
2387 711
2388 711
2389 711
2390 708
2391 711
2392 717
2393 1080
2394 711
2395 711
2396 711
2397 711
2398 708
2399 708
2400 708
2401 1059
2402 711
2403 708
2404 711
2405 708
2406 708
2407 711
2408 711
2409 1059
2410 711
2411 711
2412 708
2413 708
2414 705
2415 708
2416 708
2417 1041
2418 708
2419 708
2420 708
2421 708
2422 708
2423 708
2424 708
2425 1023
2426 708
2427 708
2428 708
2429 708
2430 708
2431 708
2432 708
2433 1029
2434 711
2435 708
2436 708
2437 708
2438 711
2439 705
2440 711
2441 1035
2442 711
2443 708
2444 708
2445 708
2446 708
2447 708
2448 708
2449 1041
2450 708
2451 708
2452 708
2453 708
2454 708
2455 708
2456 708
2457 1056
2458 711
2459 708
2460 708
2461 708
2462 708
2463 708
2464 708
2465 1044
2466 708
2467 708
2468 708
2469 708
2470 708
2471 708
2472 705
2473 1035
2474 711
2475 708
2476 705
2477 708
2478 708
2479 705
2480 708
2481 1035
2482 705
2483 705
2484 705
2485 705
2486 705
2487 708
2488 708
2489 1029
2490 711
2491 711
2492 708
2493 711
2494 708
2495 711
2496 708
2497 1026
2498 705
2499 705
2500 705
2501 708
2502 702
2503 708
2504 708
2505 1029
2506 708
2507 708
2508 705
2509 708
2510 708
2511 708
2512 705
2513 1050
2514 711
2515 708
2516 708
2517 705
2518 708
2519 708
2520 708
2521 1032
2522 711
2523 708
2524 708
2525 708
2526 705
2527 708
2528 705
2529 926583
2530 2574
2531 975
2532 906
2533 756
2534 756
2535 753
2536 765
2537 1464
2538 1137
2539 789
2540 783
2541 780
2542 783
2543 780
2544 789
2545 1314
2546 1008
2547 789
2548 774
2549 780
2550 774
2551 780
2552 780
2553 1323
2554 1017
2555 753
2556 753
2557 747
2558 753
2559 753
2560 1176
2561 1701
2562 1062
2563 780
2564 789
2565 771
2566 777
2567 771
2568 780
2569 1458
2570 1017
2571 753
2572 747
2573 747
2574 747
2575 753
2576 753
2577 1566
2578 1044
2579 717
2580 717
2581 711
2582 711
2583 711
2584 717
2585 1278
2586 981
2587 717
2588 717
2589 711
2590 708
2591 711
2592 717
2593 1509
2594 978
2595 717
2596 717
2597 711
2598 717
2599 711
2600 717
2601 1356
2602 969
2603 717
2604 717
2605 711
2606 711
2607 711
2608 711
2609 1536
2610 1035
2611 723
2612 720
2613 726
2614 720
2615 711
2616 717
2617 1122
2618 729
2619 717
2620 711
2621 711
2622 711
2623 711
2624 717
2625 1065
2626 969
2627 717
2628 711
2629 711
2630 711
2631 711
2632 717
2633 1119
2634 717
2635 711
2636 711
2637 711
2638 711
2639 711
2640 717
2641 1065
2642 711
2643 711
2644 711
2645 711
2646 708
2647 708
2648 708
2649 1059
2650 723
2651 711
2652 708
2653 708
2654 708
2655 708
2656 708
2657 1098
2658 714
2659 708
2660 708
2661 708
2662 711
2663 708
2664 708
2665 1068
2666 708
2667 708
2668 708
2669 708
2670 711
2671 708
2672 711
2673 1059
2674 708
2675 705
2676 711
2677 708
2678 708
2679 708
2680 708
2681 1044
2682 708
2683 708
2684 708
2685 708
2686 708
2687 708
2688 708
2689 1032
2690 711
2691 705
2692 705
2693 708
2694 711
2695 711
2696 708
2697 1047
2698 711
2699 708
2700 708
2701 705
2702 708
2703 708
2704 708
2705 1029
2706 711
2707 708
2708 708
2709 708
2710 708
2711 705
2712 708
2713 1041
2714 711
2715 708
2716 705
2717 708
2718 708
2719 708
2720 711
2721 1047
2722 708
2723 708
2724 708
2725 705
2726 708
2727 708
2728 708
2729 1050
2730 708
2731 708
2732 708
2733 705
2734 708
2735 708
2736 705
2737 1041
2738 708
2739 708
2740 705
2741 708
2742 708
2743 708
2744 708
2745 1029
2746 708
2747 708
2748 708
2749 708
2750 708
2751 708
2752 708
2753 1032
2754 711
2755 711
2756 711
2757 708
2758 708
2759 708
2760 708
2761 1050
2762 708
2763 708
2764 708
2765 708
2766 708
2767 708
2768 708
2769 1050
2770 711
2771 708
2772 705
2773 705
2774 705
2775 708
2776 708
2777 1047
2778 708
2779 708
2780 705
2781 708
2782 705
2783 708
2784 705
2785 961875
2786 2790
2787 999
2788 924
2789 762
2790 783
2791 771
2792 789
2793 1317
2794 990
2795 753
2796 756
2797 741
2798 756
2799 753
2800 765
2801 1329
2802 999
2803 771
2804 759
2805 753
2806 774
2807 759
2808 753
2809 1302
2810 978
2811 756
2812 759
2813 750
2814 717
2815 708
2816 717
2817 1308
2818 993
2819 717
2820 717
2821 717
2822 717
2823 714
2824 717
2825 1335
2826 972
2827 753
2828 717
2829 717
2830 717
2831 714
2832 717
2833 1401
2834 981
2835 717
2836 717
2837 705
2838 717
2839 714
2840 717
2841 1305
2842 1005
2843 711
2844 717
2845 711
2846 717
2847 711
2848 717
2849 1353
2850 987
2851 717
2852 717
2853 711
2854 708
2855 711
2856 717
2857 1302
2858 990
2859 717
2860 711
2861 711
2862 711
2863 711
2864 717
2865 1083
2866 711
2867 711
2868 711
2869 708
2870 711
2871 711
2872 717
2873 1104
2874 708
2875 711
2876 711
2877 711
2878 711
2879 711
2880 711
2881 1053
2882 717
2883 711
2884 711
2885 708
2886 711
2887 711
2888 711
2889 1059
2890 711
2891 705
2892 711
2893 711
2894 711
2895 711
2896 711
2897 1059
2898 708
2899 708
2900 705
2901 708
2902 705
2903 708
2904 708
2905 1059
2906 708
2907 711
2908 711
2909 711
2910 711
2911 711
2912 708
2913 1068
2914 717
2915 705
2916 705
2917 705
2918 708
2919 708
2920 705
2921 1029
2922 705
2923 708
2924 708
2925 708
2926 708
2927 708
2928 708
2929 1029
2930 711
2931 708
2932 708
2933 708
2934 708
2935 711
2936 708
2937 1044
2938 711
2939 708
2940 705
2941 708
2942 708
2943 708
2944 705
2945 1041
2946 708
2947 708
2948 708
2949 708
2950 708
2951 711
2952 708
2953 1035
2954 711
2955 708
2956 708
2957 708
2958 708
2959 708
2960 705
2961 1032
2962 711
2963 711
2964 708
2965 708
2966 708
2967 708
2968 708
2969 1035
2970 705
2971 708
2972 708
2973 708
2974 708
2975 708
2976 708
2977 1044
2978 708
2979 708
2980 708
2981 708
2982 708
2983 708
2984 708
2985 1047
2986 708
2987 708
2988 708
2989 708
2990 708
2991 705
2992 708
2993 1035
2994 711
2995 708
2996 708
2997 708
2998 705
2999 708
3000 708
3001 1044
3002 708
3003 708
3004 705
3005 705
3006 708
3007 708
3008 708
3009 1035
3010 711
3011 708
3012 705
3013 711
3014 705
3015 708
3016 708
3017 1035
3018 708
3019 708
3020 708
3021 708
3022 708
3023 705
3024 702
3025 1041
3026 708
3027 708
3028 708
3029 705
3030 705
3031 708
3032 708
3033 1050
3034 705
3035 708
3036 708
3037 711
3038 705
3039 705
3040 705
3041 1062945
3042 2388
3043 1008
3044 795
3045 753
3046 747
3047 741
3048 759
3049 1326
3050 978
3051 753
3052 753
3053 753
3054 744
3055 744
3056 762
3057 1314
3058 972
3059 762
3060 765
3061 771
3062 765
3063 768
3064 768
3065 1368
3066 990
3067 753
3068 750
3069 750
3070 750
3071 753
3072 753
3073 1404
3074 1014
3075 717
3076 708
3077 717
3078 717
3079 714
3080 717
3081 1350
3082 978
3083 714
3084 714
3085 714
3086 714
3087 717
3088 708
3089 1386
3090 999
3091 717
3092 717
3093 711
3094 711
3095 711
3096 717
3097 1347
3098 1008
3099 717
3100 711
3101 708
3102 717
3103 711
3104 717
3105 1356
3106 1017
3107 717
3108 717
3109 711
3110 717
3111 711
3112 717
3113 1326
3114 1014
3115 717
3116 711
3117 711
3118 711
3119 711
3120 717
3121 1074
3122 990
3123 717
3124 717
3125 717
3126 717
3127 714
3128 717
3129 1116
3130 711
3131 711
3132 711
3133 708
3134 711
3135 711
3136 711
3137 1143
3138 711
3139 711
3140 711
3141 711
3142 711
3143 711
3144 711
3145 1035
3146 717
3147 705
3148 711
3149 711
3150 711
3151 711
3152 717
3153 1050
3154 717
3155 711
3156 711
3157 708
3158 711
3159 711
3160 711
3161 1065
3162 717
3163 711
3164 711
3165 711
3166 711
3167 711
3168 711
3169 1068
3170 717
3171 711
3172 708
3173 708
3174 711
3175 708
3176 711
3177 1053
3178 708
3179 708
3180 708
3181 708
3182 708
3183 708
3184 708
3185 1044
3186 711
3187 708
3188 708
3189 708
3190 708
3191 708
3192 708
3193 1059
3194 705
3195 708
3196 708
3197 711
3198 711
3199 708
3200 708
3201 1026
3202 708
3203 705
3204 708
3205 708
3206 708
3207 708
3208 708
3209 1059
3210 708
3211 708
3212 708
3213 708
3214 708
3215 708
3216 708
3217 1053
3218 711
3219 708
3220 708
3221 705
3222 705
3223 705
3224 705
3225 1041
3226 708
3227 708
3228 708
3229 708
3230 708
3231 711
3232 705
3233 1050
3234 711
3235 708
3236 708
3237 708
3238 711
3239 711
3240 711
3241 1047
3242 708
3243 708
3244 708
3245 708
3246 708
3247 708
3248 708
3249 1059
3250 711
3251 711
3252 708
3253 708
3254 708
3255 711
3256 717
3257 1044
3258 708
3259 708
3260 711
3261 705
3262 708
3263 708
3264 708
3265 1053
3266 711
3267 708
3268 708
3269 708
3270 708
3271 708
3272 708
3273 1026
3274 708
3275 708
3276 708
3277 711
3278 708
3279 708
3280 708
3281 1047
3282 711
3283 708
3284 705
3285 708
3286 708
3287 705
3288 708
3289 1044
3290 711
3291 708
3292 708
3293 708
3294 708
3295 708
3296 708
3297 962535
3298 2430
3299 969
3300 795
3301 708
3302 708
3303 702
3304 726
3305 1314
3306 987
3307 720
3308 717
3309 717
3310 717
3311 711
3312 738
3313 1308
3314 1014
3315 723
3316 711
3317 708
3318 717
3319 711
3320 708
3321 1302
3322 978
3323 711
3324 708
3325 708
3326 717
3327 708
3328 717
3329 1314
3330 972
3331 717
3332 711
3333 711
3334 711
3335 711
3336 708
3337 1296
3338 981
3339 717
3340 711
3341 708
3342 711
3343 711
3344 717
3345 1338
3346 978
3347 711
3348 711
3349 711
3350 711
3351 711
3352 717
3353 1164
3354 717
3355 708
3356 711
3357 711
3358 711
3359 711
3360 702
3361 1062
3362 717
3363 708
3364 711
3365 711
3366 711
3367 711
3368 717
3369 1119
3370 852
3371 711
3372 711
3373 711
3374 711
3375 711
3376 717
3377 1062
3378 720
3379 711
3380 711
3381 708
3382 711
3383 711
3384 717
3385 1077
3386 711
3387 708
3388 708
3389 708
3390 708
3391 708
3392 708
3393 1065
3394 711
3395 708
3396 708
3397 708
3398 708
3399 708
3400 711
3401 1059
3402 711
3403 711
3404 708
3405 711
3406 711
3407 708
3408 708
3409 1044
3410 717
3411 708
3412 708
3413 708
3414 708
3415 708
3416 708
3417 1059
3418 708
3419 708
3420 708
3421 708
3422 711
3423 711
3424 711
3425 1062
3426 711
3427 711
3428 711
3429 711
3430 708
3431 711
3432 711
3433 1053
3434 711
3435 708
3436 708
3437 708
3438 708
3439 708
3440 708
3441 1032
3442 705
3443 705
3444 705
3445 705
3446 705
3447 705
3448 708
3449 1029
3450 708
3451 708
3452 705
3453 708
3454 708
3455 708
3456 708
3457 1044
3458 708
3459 702
3460 708
3461 708
3462 708
3463 711
3464 705
3465 1041
3466 708
3467 711
3468 705
3469 708
3470 711
3471 708
3472 702
3473 1032
3474 708
3475 708
3476 708
3477 708
3478 708
3479 708
3480 708
3481 1035
3482 711
3483 708
3484 708
3485 708
3486 708
3487 708
3488 708
3489 1029
3490 711
3491 708
3492 702
3493 705
3494 708
3495 708
3496 708
3497 1026
3498 708
3499 708
3500 702
3501 708
3502 708
3503 705
3504 708
3505 1032
3506 711
3507 708
3508 705
3509 708
3510 705
3511 708
3512 708
3513 1041
3514 708
3515 708
3516 708
3517 708
3518 705
3519 708
3520 708
3521 1050
3522 708
3523 708
3524 705
3525 708
3526 708
3527 708
3528 708
3529 1044
3530 711
3531 708
3532 708
3533 708
3534 705
3535 708
3536 705
3537 1050
3538 711
3539 705
3540 705
3541 708
3542 708
3543 708
3544 705
3545 1047
3546 711
3547 708
3548 708
3549 708
3550 708
3551 708
3552 705
3553 1008753
3554 2508
3555 1011
3556 804
3557 741
3558 741
3559 738
3560 759
3561 1440
3562 987
3563 717
3564 717
3565 708
3566 717
3567 711
3568 738
3569 1260
3570 978
3571 747
3572 741
3573 747
3574 738
3575 747
3576 735
3577 1329
3578 1005
3579 717
3580 717
3581 708
3582 717
3583 708
3584 780
3585 1356
3586 1008
3587 726
3588 720
3589 726
3590 720
3591 723
3592 720
3593 1260
3594 984
3595 717
3596 717
3597 711
3598 711
3599 711
3600 717
3601 1320
3602 1008
3603 717
3604 717
3605 708
3606 717
3607 711
3608 717
3609 1308
3610 990
3611 708
3612 711
3613 708
3614 708
3615 708
3616 711
3617 1347
3618 996
3619 711
3620 714
3621 711
3622 711
3623 711
3624 717
3625 1305
3626 996
3627 711
3628 717
3629 711
3630 711
3631 711
3632 717
3633 1320
3634 969
3635 711
3636 711
3637 705
3638 708
3639 708
3640 714
3641 1149
3642 753
3643 711
3644 711
3645 711
3646 711
3647 711
3648 711
3649 1083
3650 915
3651 711
3652 711
3653 711
3654 711
3655 711
3656 711
3657 1053
3658 720
3659 711
3660 711
3661 711
3662 711
3663 711
3664 711
3665 1062
3666 717
3667 711
3668 711
3669 711
3670 708
3671 711
3672 711
3673 1104
3674 717
3675 711
3676 711
3677 711
3678 711
3679 711
3680 711
3681 1047
3682 711
3683 708
3684 711
3685 708
3686 711
3687 708
3688 711
3689 1035
3690 711
3691 708
3692 708
3693 708
3694 708
3695 708
3696 708
3697 1035
3698 708
3699 708
3700 705
3701 708
3702 708
3703 708
3704 711
3705 1065
3706 711
3707 711
3708 708
3709 711
3710 708
3711 708
3712 708
3713 1047
3714 711
3715 708
3716 711
3717 708
3718 708
3719 711
3720 711
3721 1041
3722 708
3723 708
3724 711
3725 708
3726 708
3727 708
3728 708
3729 1047
3730 711
3731 708
3732 708
3733 708
3734 708
3735 708
3736 708
3737 1044
3738 705
3739 708
3740 708
3741 708
3742 708
3743 708
3744 702
3745 1050
3746 708
3747 708
3748 708
3749 708
3750 705
3751 708
3752 708
3753 1032
3754 708
3755 708
3756 708
3757 708
3758 711
3759 708
3760 708
3761 1035
3762 708
3763 708
3764 708
3765 708
3766 705
3767 708
3768 708
3769 1044
3770 708
3771 708
3772 708
3773 708
3774 708
3775 708
3776 708
3777 1035
3778 711
3779 708
3780 708
3781 708
3782 702
3783 708
3784 708
3785 1032
3786 711
3787 708
3788 708
3789 711
3790 708
3791 708
3792 708
3793 1053
3794 711
3795 711
3796 705
3797 708
3798 708
3799 708
3800 708
3801 1047
3802 708
3803 708
3804 705
3805 708
3806 705
3807 708
3808 708
3809 964707
3810 2397
3811 1059
3812 840
3813 729
3814 720
3815 720
3816 741
3817 1317
3818 981
3819 741
3820 741
3821 735
3822 735
3823 738
3824 762
3825 1365
3826 1014
3827 729
3828 729
3829 729
3830 729
3831 729
3832 735
3833 1287
3834 1005
3835 717
3836 717
3837 708
3838 717
3839 711
3840 717
3841 1353
3842 981
3843 717
3844 717
3845 711
3846 717
3847 711
3848 717
3849 1317
3850 999
3851 711
3852 717
3853 711
3854 717
3855 711
3856 717
3857 1341
3858 990
3859 717
3860 717
3861 711
3862 711
3863 711
3864 717
3865 1314
3866 996
3867 717
3868 711
3869 711
3870 717
3871 711
3872 717
3873 1347
3874 969
3875 711
3876 711
3877 711
3878 717
3879 711
3880 717
3881 1104
3882 717
3883 711
3884 711
3885 711
3886 711
3887 711
3888 717
3889 1083
3890 717
3891 711
3892 711
3893 708
3894 711
3895 708
3896 711
3897 1062
3898 711
3899 711
3900 711
3901 708
3902 711
3903 711
3904 708
3905 1053
3906 711
3907 711
3908 711
3909 711
3910 711
3911 711
3912 711
3913 1059
3914 711
3915 708
3916 711
3917 711
3918 711
3919 711
3920 717
3921 1065
3922 711
3923 711
3924 711
3925 705
3926 705
3927 711
3928 711
3929 1047
3930 711
3931 708
3932 711
3933 708
3934 708
3935 708
3936 708
3937 1050
3938 708
3939 708
3940 711
3941 711
3942 711
3943 708
3944 711
3945 1035
3946 711
3947 708
3948 708
3949 708
3950 708
3951 708
3952 705
3953 1026
3954 708
3955 708
3956 708
3957 708
3958 705
3959 702
3960 702
3961 1041
3962 708
3963 708
3964 708
3965 708
3966 708
3967 708
3968 708
3969 1047
3970 711
3971 708
3972 708
3973 708
3974 708
3975 708
3976 708
3977 1026
3978 708
3979 708
3980 708
3981 708
3982 708
3983 708
3984 708
3985 1041
3986 705
3987 708
3988 708
3989 708
3990 708
3991 705
3992 708
3993 1041
3994 708
3995 708
3996 708
3997 708
3998 708
3999 708
4000 708
4001 1035
4002 708
4003 708
4004 708
4005 708
4006 708
4007 711
4008 711
4009 1032
4010 705
4011 708
4012 708
4013 708
4014 708
4015 708
4016 711
4017 1035
4018 708
4019 708
4020 711
4021 708
4022 708
4023 708
4024 708
4025 1044
4026 711
4027 708
4028 708
4029 708
4030 711
4031 708
4032 708
4033 1047
4034 711
4035 708
4036 705
4037 708
4038 708
4039 705
4040 708
4041 1035
4042 711
4043 705
4044 708
4045 705
4046 708
4047 708
4048 702
4049 1026
4050 711
4051 708
4052 705
4053 708
4054 705
4055 708
4056 708
4057 1032
4058 708
4059 702
4060 708
4061 705
4062 705
4063 708
4064 705
4065 978345
4066 2394
4067 1035
4068 789
4069 711
4070 717
4071 711
4072 738
4073 1293
4074 975
4075 738
4076 738
4077 729
4078 729
4079 726
4080 756
4081 1413
4082 981
4083 717
4084 717
4085 711
4086 711
4087 708
4088 717
4089 1257
4090 939
4091 717
4092 717
4093 708
4094 717
4095 708
4096 753
