0.5 292.1975
1.0 2.5
1.5 2.0475
2.0 1.8675
2.5 2.4525
3.0 2.475
3.5 2.24375
4.0 2.31375
4.5 23.41
5.0 2.38125
5.5 2.28375
6.0 2.3825
6.5 2.15875
7.0 1.81875
7.5 2.19375
8.0 2.25
8.5 2.43375
9.0 2.4225
9.5 2.5775
10.0 1.805
10.5 2.43625
11.0 1.7975
11.5 1.79875
12.0 2.02875
12.5 2.28625
13.0 2.3675
13.5 2.3825
14.0 2.38875
14.5 1.90625
15.0 2.355
15.5 2.25
16.0 1.46
16.5 31.755
17.0 2.265
17.5 2.14
18.0 2.6
18.5 1.8625
19.0 2.6
19.5 1.84
20.0 1.6425
20.5 2.105
21.0 2.525
21.5 2.085
22.0 2.2
22.5 2.21125
23.0 1.84
23.5 2.13375
24.0 1.84375
24.5 2.335
25.0 2.25375
25.5 2.14375
26.0 0.6225
26.5 0.5475
27.0 0.3725
27.5 0.3375
28.0 0.35125
28.5 0.765
29.0 0.52875
29.5 0.3475
30.0 0.3325
30.5 0.3425
31.0 0.345
31.5 0.33125
32.0 0.3425
32.5 0.7475
33.0 0.5325
33.5 0.3375
34.0 0.345
34.5 0.33
35.0 0.33125
35.5 0.34375
36.0 0.35125
36.5 0.75
37.0 0.525
37.5 0.33875
38.0 0.345
38.5 0.35
39.0 0.3375
39.5 0.34625
40.0 0.35625
40.5 0.735
41.0 0.51125
41.5 0.34
42.0 0.33
42.5 0.34125
43.0 0.35125
43.5 0.33125
44.0 0.33625
44.5 0.72
45.0 0.5125
45.5 0.34125
46.0 0.35125
46.5 0.33875
47.0 0.34125
47.5 0.3425
48.0 0.3425
48.5 48.2975
49.0 0.67
49.5 0.29625
50.0 0.295
50.5 0.29375
51.0 0.29375
51.5 0.29375
52.0 0.3025
52.5 0.56375
53.0 0.4125
53.5 0.29375
54.0 0.29375
54.5 0.295
55.0 0.29375
55.5 0.29375
56.0 0.30375
56.5 0.55375
57.0 0.40125
57.5 0.29125
58.0 0.29125
58.5 0.29125
59.0 0.29375
59.5 0.29375
60.0 0.29375
60.5 0.54375
61.0 0.40625
61.5 0.295
62.0 0.29125
62.5 0.29125
63.0 0.29125
63.5 0.29375
64.0 0.29375
64.5 0.54625
65.0 0.4025
65.5 0.2925
66.0 0.2925
66.5 0.29125
67.0 0.29125
67.5 0.2925
68.0 0.2925
68.5 0.54
69.0 0.40125
69.5 0.2925
70.0 0.2925
70.5 0.2925
71.0 0.2925
71.5 0.2925
72.0 0.29375
72.5 0.53375
73.0 0.29625
73.5 0.29375
74.0 0.2925
74.5 0.29125
75.0 0.2925
75.5 0.2925
76.0 0.2925
76.5 0.4375
77.0 0.2925
77.5 0.2925
78.0 0.29125
78.5 0.2925
79.0 0.2925
79.5 0.29375
80.0 0.29375
80.5 0.4375
81.0 0.29375
81.5 0.2925
82.0 0.2925
82.5 0.2925
83.0 0.29125
83.5 0.2925
84.0 0.2925
84.5 0.43125
85.0 0.2925
85.5 0.2925
86.0 0.2925
86.5 0.2925
87.0 0.2925
87.5 0.2925
88.0 0.2925
88.5 0.4375
89.0 0.2925
89.5 0.2925
90.0 0.2925
90.5 0.2925
91.0 0.2925
91.5 0.2925
92.0 0.2925
92.5 0.43375
93.0 0.2925
93.5 0.2925
94.0 0.2925
94.5 0.2925
95.0 0.29125
95.5 0.2925
96.0 0.2925
96.5 0.4375
97.0 0.2925
97.5 0.2925
98.0 0.2925
98.5 0.2925
99.0 0.2925
99.5 0.2925
100.0 0.2925
100.5 0.43
101.0 0.2925
101.5 0.2925
102.0 0.2925
102.5 0.2925
103.0 0.2925
103.5 0.2925
104.0 0.2925
104.5 0.4375
105.0 0.29125
105.5 0.2925
106.0 0.2925
106.5 0.2925
107.0 0.2925
107.5 0.2925
108.0 0.2925
108.5 0.43375
109.0 0.2925
109.5 0.2925
110.0 0.2925
110.5 0.2925
111.0 0.2925
111.5 0.2925
112.0 0.2925
112.5 656.1425
113.0 1.3275
113.5 0.6125
114.0 0.5125
114.5 0.4925
115.0 0.4925
115.5 0.49
116.0 0.5075
116.5 0.6975
117.0 0.595
117.5 0.4925
118.0 0.4925
118.5 0.49
119.0 0.49
119.5 0.485
120.0 0.38875
120.5 0.725
121.0 0.41875
121.5 0.30125
122.0 0.29875
122.5 0.30875
123.0 0.29875
123.5 0.3
124.0 0.29875
124.5 0.5775
125.0 0.42125
125.5 0.3
126.0 0.29875
126.5 0.30125
127.0 0.29875
127.5 0.3
128.0 0.29875
128.5 0.51875
129.0 0.41875
129.5 0.3
130.0 0.29875
130.5 0.3
131.0 0.29875
131.5 0.3
132.0 0.29875
132.5 0.55375
133.0 0.4075
133.5 0.29875
134.0 0.29625
134.5 0.29625
135.0 0.29625
135.5 0.29625
136.0 0.29875
136.5 0.5425
137.0 0.3925
137.5 0.29875
138.0 0.29875
138.5 0.29625
139.0 0.29625
139.5 0.29625
140.0 0.29875
140.5 0.55
141.0 0.405
141.5 0.29875
142.0 0.29625
142.5 0.29875
143.0 0.29875
143.5 0.29625
144.0 0.29875
144.5 0.55
145.0 0.43125
145.5 0.29625
146.0 0.30125
146.5 0.29875
147.0 0.30125
147.5 0.3
148.0 0.3
148.5 0.57
149.0 0.40875
149.5 0.29625
150.0 0.29625
150.5 0.29625
151.0 0.29625
151.5 0.29625
152.0 0.29875
152.5 0.54125
153.0 0.42125
153.5 0.29875
154.0 0.29625
154.5 0.29625
155.0 0.29625
155.5 0.29625
156.0 0.29875
156.5 0.44125
157.0 0.29875
157.5 0.29625
158.0 0.29625
158.5 0.29625
159.0 0.29625
159.5 0.29625
160.0 0.29875
160.5 0.46875
161.0 0.3
161.5 0.29875
162.0 0.29875
162.5 0.29625
163.0 0.29625
163.5 0.29625
164.0 0.29875
164.5 0.4375
165.0 0.29625
165.5 0.29625
166.0 0.29625
166.5 0.295
167.0 0.29625
167.5 0.29625
168.0 0.29875
168.5 0.44125
169.0 0.29625
169.5 0.29625
170.0 0.29625
170.5 0.29625
171.0 0.29625
171.5 0.29625
172.0 0.295
172.5 0.44125
173.0 0.29625
173.5 0.29625
174.0 0.29625
174.5 0.29625
175.0 0.295
175.5 0.29625
176.0 0.29875
176.5 0.44125
177.0 0.29625
177.5 0.29625
178.0 0.29625
178.5 0.29625
179.0 0.29375
179.5 0.29375
180.0 0.29625
180.5 0.43375
181.0 0.29625
181.5 0.29625
182.0 0.295
182.5 0.295
183.0 0.295
183.5 0.295
184.0 0.295
184.5 0.43
185.0 0.295
185.5 0.295
186.0 0.295
186.5 0.2925
187.0 0.29375
187.5 0.29375
188.0 0.29375
188.5 0.42875
189.0 0.29625
189.5 0.295
190.0 0.295
190.5 0.29375
191.0 0.295
191.5 0.29375
192.0 0.295
192.5 0.43875
193.0 0.29625
193.5 0.295
194.0 0.29375
194.5 0.295
195.0 0.29375
195.5 0.295
196.0 0.295
196.5 0.42875
197.0 0.29625
197.5 0.29375
198.0 0.295
198.5 0.29375
199.0 0.295
199.5 0.295
200.0 0.295
200.5 0.42375
201.0 0.29375
201.5 0.29375
202.0 0.29375
202.5 0.295
203.0 0.295
203.5 0.29375
204.0 0.295
204.5 0.43
205.0 0.29625
205.5 0.29375
206.0 0.295
206.5 0.29375
207.0 0.29375
207.5 0.29375
208.0 0.29625
208.5 0.43125
209.0 0.295
209.5 0.29375
210.0 0.29375
210.5 0.29375
211.0 0.295
211.5 0.29375
212.0 0.295
212.5 0.43
213.0 0.29625
213.5 0.295
214.0 0.295
214.5 0.2925
215.0 0.295
215.5 0.29375
216.0 0.295
216.5 0.43625
217.0 0.29625
217.5 0.295
218.0 0.29375
218.5 0.295
219.0 0.295
219.5 0.29375
220.0 0.295
220.5 0.43125
221.0 0.29625
221.5 0.295
222.0 0.29375
222.5 0.29375
223.0 0.29375
223.5 0.29375
224.0 0.295
224.5 0.43375
225.0 0.295
225.5 0.295
226.0 0.29375
226.5 0.295
227.0 0.295
227.5 0.29375
228.0 0.295
228.5 0.43875
229.0 0.295
229.5 0.29375
230.0 0.295
230.5 0.2925
231.0 0.29375
231.5 0.295
232.0 0.29375
232.5 0.42875
233.0 0.295
233.5 0.29375
234.0 0.29375
234.5 0.29375
235.0 0.29375
235.5 0.29375
236.0 0.29375
236.5 0.435
237.0 0.29625
237.5 0.295
238.0 0.295
238.5 0.295
239.0 0.2925
239.5 0.2925
240.0 0.295
240.5 35.915
241.0 0.8225
241.5 0.40375
242.0 0.335
242.5 0.29375
243.0 0.295
243.5 0.295
244.0 0.30375
244.5 0.545
245.0 0.41875
245.5 0.29625
246.0 0.29625
246.5 0.29625
247.0 0.295
247.5 0.295
248.0 0.30375
248.5 0.565
249.0 0.43375
249.5 0.29625
250.0 0.29625
250.5 0.295
251.0 0.29875
251.5 0.29625
252.0 0.29875
252.5 0.58625
253.0 0.41875
253.5 0.29625
254.0 0.295
254.5 0.295
255.0 0.2975
255.5 0.29625
256.0 0.39875
256.5 0.4975
257.0 0.33125
257.5 0.30875
258.0 0.30625
258.5 0.30875
259.0 0.30625
259.5 0.30875
260.0 0.3025
260.5 0.55375
261.0 0.41875
261.5 0.29875
262.0 0.29875
262.5 0.29625
263.0 0.29625
263.5 0.29625
264.0 0.29875
264.5 0.55375
265.0 0.41625
265.5 0.29625
266.0 0.29625
266.5 0.29625
267.0 0.29625
267.5 0.29625
268.0 0.29875
268.5 0.5525
269.0 0.41375
269.5 0.29875
270.0 0.29875
270.5 0.29625
271.0 0.29875
271.5 0.295
272.0 0.29875
272.5 0.55
273.0 0.415
273.5 0.29875
274.0 0.295
274.5 0.29625
275.0 0.29625
275.5 0.29625
276.0 0.29875
276.5 0.5425
277.0 0.41625
277.5 0.29625
278.0 0.29625
278.5 0.29625
279.0 0.29625
279.5 0.29625
280.0 0.29875
280.5 0.46875
281.0 0.30625
281.5 0.3
282.0 0.3025
282.5 0.3
283.0 0.3025
283.5 0.30125
284.0 0.30125
284.5 0.43875
285.0 0.3075
285.5 0.29875
286.0 0.29625
286.5 0.2975
287.0 0.29625
287.5 0.29625
288.0 0.295
288.5 0.4825
289.0 0.29875
289.5 0.29625
290.0 0.29625
290.5 0.29625
291.0 0.29625
291.5 0.29375
292.0 0.29875
292.5 0.4275
293.0 0.295
293.5 0.295
294.0 0.295
294.5 0.295
295.0 0.295
295.5 0.295
296.0 0.29625
296.5 0.45
297.0 0.29625
297.5 0.29625
298.0 0.29625
298.5 0.29625
299.0 0.29375
299.5 0.29625
300.0 0.29875
300.5 0.4425
301.0 0.29875
301.5 0.295
302.0 0.29625
302.5 0.29625
303.0 0.29625
303.5 0.29625
304.0 0.29625
304.5 0.44125
305.0 0.29625
305.5 0.29625
306.0 0.29375
306.5 0.29625
307.0 0.29625
307.5 0.29625
308.0 0.295
308.5 0.4375
309.0 0.29375
309.5 0.29625
310.0 0.29375
310.5 0.295
311.0 0.29625
311.5 0.295
312.0 0.29625
312.5 0.43375
313.0 0.29625
313.5 0.295
314.0 0.295
314.5 0.295
315.0 0.29375
315.5 0.29375
316.0 0.295
316.5 0.43
317.0 0.29625
317.5 0.295
318.0 0.295
318.5 0.29375
319.0 0.295
319.5 0.29375
320.0 0.29375
320.5 0.43875
321.0 0.295
321.5 0.295
322.0 0.29375
322.5 0.29625
323.0 0.295
323.5 0.295
324.0 0.295
324.5 0.4375
325.0 0.295
325.5 0.295
326.0 0.29375
326.5 0.29375
327.0 0.295
327.5 0.295
328.0 0.29375
328.5 0.43375
329.0 0.29625
329.5 0.295
330.0 0.29625
330.5 0.29375
331.0 0.295
331.5 0.295
332.0 0.295
332.5 0.4375
333.0 0.29625
333.5 0.295
334.0 0.295
334.5 0.295
335.0 0.295
335.5 0.295
336.0 0.295
336.5 0.43
337.0 0.29625
337.5 0.29375
338.0 0.295
338.5 0.295
339.0 0.295
339.5 0.295
340.0 0.29375
340.5 0.44125
341.0 0.29625
341.5 0.295
342.0 0.295
342.5 0.295
343.0 0.29375
343.5 0.29375
344.0 0.295
344.5 0.435
345.0 0.295
345.5 0.29375
346.0 0.29625
346.5 0.295
347.0 0.295
347.5 0.29375
348.0 0.29625
348.5 0.4425
349.0 0.295
349.5 0.295
350.0 0.295
350.5 0.295
351.0 0.29375
351.5 0.295
352.0 0.295
352.5 0.435
353.0 0.29625
353.5 0.29375
354.0 0.295
354.5 0.295
355.0 0.295
355.5 0.295
356.0 0.295
356.5 0.4375
357.0 0.29625
357.5 0.29375
358.0 0.295
358.5 0.295
359.0 0.295
359.5 0.295
360.0 0.295
360.5 0.43625
361.0 0.29625
361.5 0.295
362.0 0.29375
362.5 0.295
363.0 0.29375
363.5 0.295
364.0 0.295
364.5 0.44
365.0 0.295
365.5 0.295
366.0 0.295
366.5 0.295
367.0 0.295
367.5 0.29375
368.0 0.295
368.5 338.12625
369.0 0.94
369.5 0.41875
370.0 0.3775
370.5 0.295
371.0 0.295
371.5 0.295
372.0 0.30625
372.5 0.5725
373.0 0.42625
373.5 0.29625
374.0 0.295
374.5 0.295
375.0 0.29625
375.5 0.295
376.0 0.30375
376.5 0.54125
377.0 0.41875
377.5 0.29625
378.0 0.295
378.5 0.29625
379.0 0.29625
379.5 0.29625
380.0 0.29875
380.5 0.6
381.0 0.54625
381.5 0.29875
382.0 0.30125
382.5 0.29875
383.0 0.29625
383.5 0.3
384.0 0.3
384.5 0.55
385.0 0.42125
385.5 0.29875
386.0 0.29875
386.5 0.29625
387.0 0.29625
387.5 0.29625
388.0 0.29875
388.5 0.55375
389.0 0.42625
389.5 0.29875
390.0 0.29625
390.5 0.29625
391.0 0.29625
391.5 0.29625
392.0 0.29875
392.5 0.54875
393.0 0.40875
393.5 0.3
394.0 0.29875
394.5 0.29625
395.0 0.29625
395.5 0.29625
396.0 0.29875
396.5 0.62375
397.0 0.415
397.5 0.29875
398.0 0.29625
398.5 0.29625
399.0 0.29625
399.5 0.29625
400.0 0.295
400.5 0.5425
401.0 0.4075
401.5 0.29875
402.0 0.29625
402.5 0.29625
403.0 0.295
403.5 0.29625
404.0 0.29875
404.5 0.60625
405.0 0.42625
405.5 0.30375
406.0 0.30375
406.5 0.30375
407.0 0.30375
407.5 0.30375
408.0 0.30625
408.5 0.55
409.0 0.29875
409.5 0.29625
410.0 0.29625
410.5 0.29625
411.0 0.295
411.5 0.29625
412.0 0.29875
412.5 0.43875
413.0 0.29625
413.5 0.29375
414.0 0.29375
414.5 0.295
415.0 0.295
415.5 0.29375
416.0 0.29875
416.5 0.44125
417.0 0.29875
417.5 0.29625
418.0 0.295
418.5 0.29625
419.0 0.29625
419.5 0.295
420.0 0.295
420.5 0.4425
421.0 0.29625
421.5 0.29625
422.0 0.29625
422.5 0.29625
423.0 0.29625
423.5 0.29625
424.0 0.2975
424.5 0.43375
425.0 0.29625
425.5 0.29625
426.0 0.295
426.5 0.29625
427.0 0.29625
427.5 0.29625
428.0 0.29875
428.5 0.44625
429.0 0.29625
429.5 0.29625
430.0 0.29625
430.5 0.29625
431.0 0.29625
431.5 0.29625
432.0 0.2975
432.5 0.4375
433.0 0.29625
433.5 0.29625
434.0 0.295
434.5 0.29625
435.0 0.29625
435.5 0.29625
436.0 0.29875
436.5 0.42875
437.0 0.29625
437.5 0.295
438.0 0.295
438.5 0.29375
439.0 0.29375
439.5 0.29375
440.0 0.29375
440.5 0.43
441.0 0.29375
441.5 0.295
442.0 0.29375
442.5 0.295
443.0 0.29375
443.5 0.295
444.0 0.295
444.5 0.43125
445.0 0.295
445.5 0.295
446.0 0.295
446.5 0.295
447.0 0.295
447.5 0.295
448.0 0.295
448.5 0.43625
449.0 0.295
449.5 0.295
450.0 0.295
450.5 0.295
451.0 0.29375
451.5 0.295
452.0 0.29375
452.5 0.4375
453.0 0.295
453.5 0.295
454.0 0.295
454.5 0.295
455.0 0.295
455.5 0.295
456.0 0.295
456.5 0.4275
457.0 0.295
457.5 0.295
458.0 0.29375
458.5 0.29375
459.0 0.295
459.5 0.29375
460.0 0.29375
460.5 0.4375
461.0 0.295
461.5 0.29375
462.0 0.295
462.5 0.295
463.0 0.295
463.5 0.295
464.0 0.295
464.5 0.42875
465.0 0.295
465.5 0.29625
466.0 0.295
466.5 0.295
467.0 0.29375
467.5 0.295
468.0 0.295
468.5 0.43125
469.0 0.29375
469.5 0.295
470.0 0.295
470.5 0.295
471.0 0.295
471.5 0.2925
472.0 0.29625
472.5 0.4375
473.0 0.295
473.5 0.295
474.0 0.295
474.5 0.29375
475.0 0.295
475.5 0.29375
476.0 0.29625
476.5 0.43625
477.0 0.295
477.5 0.295
478.0 0.29375
478.5 0.295
479.0 0.295
479.5 0.29375
480.0 0.29625
480.5 0.42625
481.0 0.295
481.5 0.295
482.0 0.295
482.5 0.295
483.0 0.295
483.5 0.295
484.0 0.295
484.5 0.43125
485.0 0.295
485.5 0.295
486.0 0.295
486.5 0.295
487.0 0.295
487.5 0.295
488.0 0.29375
488.5 0.43
489.0 0.295
489.5 0.295
490.0 0.295
490.5 0.295
491.0 0.295
491.5 0.29375
492.0 0.29375
492.5 0.43375
493.0 0.295
493.5 0.295
494.0 0.295
494.5 0.295
495.0 0.295
495.5 0.29375
496.0 0.295
496.5 362.94375
497.0 1.17
497.5 0.605
498.0 0.4925
498.5 0.43
499.0 0.37125
499.5 0.40625
500.0 0.5025
500.5 0.735
501.0 0.5975
501.5 0.4875
502.0 0.4875
502.5 0.4875
503.0 0.49
503.5 0.4875
504.0 0.5025
504.5 0.73
505.0 0.5975
505.5 0.4925
506.0 0.49
506.5 0.49
507.0 0.49
507.5 0.49
508.0 0.4925
508.5 0.7275
509.0 0.5975
509.5 0.4875
510.0 0.485
510.5 0.485
511.0 0.4825
511.5 0.4875
512.0 0.4875
512.5 0.7375
513.0 0.595
513.5 0.49
514.0 0.49
514.5 0.49
515.0 0.4875
515.5 0.49
516.0 0.4875
516.5 0.7225
517.0 0.5925
517.5 0.49
518.0 0.49
518.5 0.325
519.0 0.39
519.5 0.31125
520.0 0.42625
520.5 0.55875
521.0 0.42
521.5 0.3225
522.0 0.29875
522.5 0.29875
523.0 0.29875
523.5 0.3075
524.0 0.3075
524.5 0.55625
525.0 0.435
525.5 0.29875
526.0 0.29625
526.5 0.29625
527.0 0.29625
527.5 0.29625
528.0 0.3075
528.5 0.58375
529.0 0.40375
529.5 0.29875
530.0 0.29875
530.5 0.29875
531.0 0.29875
531.5 0.29625
532.0 0.29875
532.5 0.54875
533.0 0.36125
533.5 0.29625
534.0 0.29875
534.5 0.29625
535.0 0.29625
535.5 0.29625
536.0 0.295
536.5 0.635
537.0 0.42125
537.5 0.29625
538.0 0.295
538.5 0.29625
539.0 0.29625
539.5 0.29625
540.0 0.29875
540.5 0.445
541.0 0.29875
541.5 0.29625
542.0 0.295
542.5 0.295
543.0 0.295
543.5 0.295
544.0 0.29875
544.5 0.54625
545.0 0.29625
545.5 0.29625
546.0 0.29625
546.5 0.29625
547.0 0.29625
547.5 0.29625
548.0 0.295
548.5 0.4425
549.0 0.29625
549.5 0.295
550.0 0.29625
550.5 0.29625
551.0 0.29625
551.5 0.295
552.0 0.29875
552.5 0.43875
553.0 0.29875
553.5 0.29625
554.0 0.29625
554.5 0.29625
555.0 0.29625
555.5 0.29625
556.0 0.29875
556.5 0.44375
557.0 0.29875
557.5 0.29625
558.0 0.29625
558.5 0.29625
559.0 0.29625
559.5 0.29625
560.0 0.295
560.5 0.44625
561.0 0.29625
561.5 0.29625
562.0 0.29625
562.5 0.295
563.0 0.29625
563.5 0.29625
564.0 0.295
564.5 0.4375
565.0 0.29625
565.5 0.295
566.0 0.295
566.5 0.29625
567.0 0.295
567.5 0.295
568.0 0.29625
568.5 0.43625
569.0 0.29625
569.5 0.295
570.0 0.29625
570.5 0.29625
571.0 0.29375
571.5 0.29375
572.0 0.29625
572.5 0.43125
573.0 0.29375
573.5 0.29625
574.0 0.295
574.5 0.29375
575.0 0.295
575.5 0.295
576.0 0.29625
576.5 0.43875
577.0 0.29625
577.5 0.295
578.0 0.295
578.5 0.29625
579.0 0.29375
579.5 0.295
580.0 0.295
580.5 0.43125
581.0 0.295
581.5 0.295
582.0 0.295
582.5 0.295
583.0 0.295
583.5 0.29375
584.0 0.29625
584.5 0.425
585.0 0.29625
585.5 0.295
586.0 0.295
586.5 0.29375
587.0 0.295
587.5 0.295
588.0 0.295
588.5 0.4275
589.0 0.295
589.5 0.295
590.0 0.29375
590.5 0.295
591.0 0.295
591.5 0.295
592.0 0.295
592.5 0.43875
593.0 0.29625
593.5 0.29375
594.0 0.295
594.5 0.295
595.0 0.295
595.5 0.29375
596.0 0.295
596.5 0.43625
597.0 0.29625
597.5 0.295
598.0 0.295
598.5 0.295
599.0 0.295
599.5 0.295
600.0 0.295
600.5 0.4275
601.0 0.29625
601.5 0.29625
602.0 0.295
602.5 0.29375
603.0 0.295
603.5 0.295
604.0 0.295
604.5 0.43375
605.0 0.295
605.5 0.295
606.0 0.295
606.5 0.295
607.0 0.295
607.5 0.295
608.0 0.295
608.5 0.4375
609.0 0.29625
609.5 0.29375
610.0 0.295
610.5 0.295
611.0 0.2925
611.5 0.295
612.0 0.295
612.5 0.43125
613.0 0.295
613.5 0.29375
614.0 0.295
614.5 0.295
615.0 0.295
615.5 0.295
616.0 0.29375
616.5 0.42875
617.0 0.295
617.5 0.29375
618.0 0.29375
618.5 0.295
619.0 0.29375
619.5 0.295
620.0 0.295
620.5 0.43375
621.0 0.29625
621.5 0.295
622.0 0.295
622.5 0.29375
623.0 0.295
623.5 0.29375
624.0 0.29625
624.5 353.31375
625.0 0.92875
625.5 0.4375
626.0 0.35
626.5 0.2925
627.0 0.2925
627.5 0.295
628.0 0.30125
628.5 0.55625
629.0 0.40625
629.5 0.29125
630.0 0.29375
630.5 0.2975
631.0 0.295
631.5 0.2925
632.0 0.30625
632.5 0.54625
633.0 0.405
633.5 0.29875
634.0 0.295
634.5 0.295
635.0 0.29875
635.5 0.295
636.0 0.295
636.5 0.56375
637.0 0.4225
637.5 0.29625
638.0 0.295
638.5 0.295
639.0 0.29875
639.5 0.295
640.0 0.29875
640.5 0.5775
641.0 0.42
641.5 0.29875
642.0 0.29875
642.5 0.29875
643.0 0.295
643.5 0.295
644.0 0.295
644.5 0.4675
645.0 0.3025
645.5 0.3025
646.0 0.3025
646.5 0.3025
647.0 0.3025
647.5 0.3025
648.0 0.30375
648.5 0.445
649.0 0.29875
649.5 0.29375
650.0 0.29625
650.5 0.29375
651.0 0.29875
651.5 0.29625
652.0 0.29875
652.5 0.42875
653.0 0.3075
653.5 0.3
654.0 0.3075
654.5 0.305
655.0 0.305
655.5 0.305
656.0 0.30625
656.5 0.495
657.0 0.3075
657.5 0.29875
658.0 0.29875
658.5 0.29875
659.0 0.29875
659.5 0.2975
660.0 0.29875
660.5 0.44875
661.0 0.3075
661.5 0.3075
662.0 0.3075
662.5 0.3075
663.0 0.3075
663.5 0.3075
664.0 0.3025
664.5 0.555
665.0 0.29875
665.5 0.29625
666.0 0.29625
666.5 0.29625
667.0 0.29875
667.5 0.2975
668.0 0.29875
668.5 0.52875
669.0 0.29625
669.5 0.29625
670.0 0.29625
670.5 0.2975
671.0 0.29625
671.5 0.29625
672.0 0.29875
672.5 0.43875
673.0 0.29875
673.5 0.29625
674.0 0.29625
674.5 0.29625
675.0 0.29625
675.5 0.29625
676.0 0.29875
676.5 0.4575
677.0 0.29625
677.5 0.29625
678.0 0.295
678.5 0.295
679.0 0.29625
679.5 0.29625
680.0 0.295
680.5 0.44375
681.0 0.29625
681.5 0.29625
682.0 0.29625
682.5 0.29625
683.0 0.29625
683.5 0.29625
684.0 0.29875
684.5 0.44375
685.0 0.29875
685.5 0.29625
686.0 0.29625
686.5 0.295
687.0 0.29625
687.5 0.29375
688.0 0.295
688.5 0.45125
689.0 0.29875
689.5 0.295
690.0 0.295
690.5 0.295
691.0 0.295
691.5 0.295
692.0 0.2925
692.5 0.43
693.0 0.29625
693.5 0.295
694.0 0.29375
694.5 0.295
695.0 0.295
695.5 0.295
696.0 0.29625
696.5 0.43
697.0 0.295
697.5 0.295
698.0 0.29375
698.5 0.29375
699.0 0.295
699.5 0.295
700.0 0.295
700.5 0.4375
701.0 0.295
701.5 0.29375
702.0 0.295
702.5 0.295
703.0 0.295
703.5 0.295
704.0 0.295
704.5 0.4425
705.0 0.295
705.5 0.295
706.0 0.295
706.5 0.295
707.0 0.295
707.5 0.295
708.0 0.295
708.5 0.435
709.0 0.29625
709.5 0.295
710.0 0.29375
710.5 0.29375
711.0 0.295
711.5 0.295
712.0 0.29375
712.5 0.4275
713.0 0.29625
713.5 0.295
714.0 0.295
714.5 0.295
715.0 0.295
715.5 0.295
716.0 0.295
716.5 0.43875
717.0 0.29375
717.5 0.295
718.0 0.29375
718.5 0.29375
719.0 0.295
719.5 0.295
720.0 0.295
720.5 0.43375
721.0 0.295
721.5 0.295
722.0 0.295
722.5 0.295
723.0 0.295
723.5 0.29375
724.0 0.295
724.5 0.43125
725.0 0.29625
725.5 0.295
726.0 0.295
726.5 0.295
727.0 0.29375
727.5 0.29375
728.0 0.295
728.5 0.4325
729.0 0.29625
729.5 0.295
730.0 0.295
730.5 0.295
731.0 0.295
731.5 0.295
732.0 0.295
732.5 0.42375
733.0 0.29625
733.5 0.295
734.0 0.29375
734.5 0.295
735.0 0.295
735.5 0.295
736.0 0.29375
736.5 0.43375
737.0 0.295
737.5 0.295
738.0 0.29375
738.5 0.295
739.0 0.295
739.5 0.295
740.0 0.295
740.5 0.43375
741.0 0.29625
741.5 0.295
742.0 0.295
742.5 0.295
743.0 0.29375
743.5 0.295
744.0 0.29375
744.5 0.42875
745.0 0.29625
745.5 0.29375
746.0 0.295
746.5 0.295
747.0 0.295
747.5 0.29375
748.0 0.295
748.5 0.43125
749.0 0.29625
749.5 0.295
750.0 0.29375
750.5 0.295
751.0 0.295
751.5 0.295
752.0 0.295
752.5 369.48125
753.0 1.2675
753.5 0.5975
754.0 0.3625
754.5 0.295
755.0 0.295
755.5 0.295
756.0 0.30375
756.5 0.53125
757.0 0.415
757.5 0.36375
758.0 0.42875
758.5 0.39375
759.0 0.45625
759.5 0.4875
760.0 0.4025
760.5 0.705
761.0 0.595
761.5 0.49
762.0 0.49
762.5 0.31125
763.0 0.29625
763.5 0.295
764.0 0.29375
764.5 0.54125
765.0 0.405
765.5 0.29875
766.0 0.29625
766.5 0.29625
767.0 0.29625
767.5 0.46125
768.0 0.4875
768.5 0.73375
769.0 0.595
769.5 0.49
770.0 0.43125
770.5 0.29625
771.0 0.29625
771.5 0.295
772.0 0.29875
772.5 0.73
773.0 0.42
773.5 0.29875
774.0 0.29875
774.5 0.29875
775.0 0.29875
775.5 0.46875
776.0 0.4925
776.5 0.6925
777.0 0.5025
777.5 0.39125
778.0 0.49
778.5 0.4925
779.0 0.37875
779.5 0.48625
780.0 0.49
780.5 0.65
781.0 0.5025
781.5 0.4925
782.0 0.4925
782.5 0.4925
783.0 0.49
783.5 0.4925
784.0 0.48375
784.5 0.6375
785.0 0.495
785.5 0.4925
786.0 0.485
786.5 0.49
787.0 0.49
787.5 0.4925
788.0 0.49
788.5 0.6475
789.0 0.31375
789.5 0.36125
790.0 0.30625
790.5 0.30625
791.0 0.30625
791.5 0.30625
792.0 0.29875
792.5 0.5525
793.0 0.41
793.5 0.30125
794.0 0.29875
794.5 0.295
795.0 0.2975
795.5 0.29625
796.0 0.29875
796.5 0.54625
797.0 0.405
797.5 0.29625
798.0 0.29625
798.5 0.29625
799.0 0.29625
799.5 0.29625
800.0 0.29875
800.5 0.5475
801.0 0.405
801.5 0.29625
802.0 0.295
802.5 0.29625
803.0 0.29625
803.5 0.29625
804.0 0.295
804.5 0.46
805.0 0.40875
805.5 0.29625
806.0 0.29625
806.5 0.295
807.0 0.295
807.5 0.295
808.0 0.29625
808.5 0.5425
809.0 0.4075
809.5 0.29625
810.0 0.29625
810.5 0.29625
811.0 0.29625
811.5 0.295
812.0 0.29625
812.5 0.5325
813.0 0.31
813.5 0.29625
814.0 0.295
814.5 0.295
815.0 0.29625
815.5 0.29625
816.0 0.295
816.5 0.4425
817.0 0.2975
817.5 0.29625
818.0 0.295
818.5 0.295
819.0 0.295
819.5 0.29375
820.0 0.295
820.5 0.4275
821.0 0.29625
821.5 0.295
822.0 0.295
822.5 0.29375
823.0 0.295
823.5 0.295
824.0 0.29625
824.5 0.43875
825.0 0.29625
825.5 0.295
826.0 0.295
826.5 0.295
827.0 0.295
827.5 0.295
828.0 0.295
828.5 0.435
829.0 0.29375
829.5 0.295
830.0 0.29375
830.5 0.295
831.0 0.295
831.5 0.295
832.0 0.29625
832.5 0.43125
833.0 0.29625
833.5 0.295
834.0 0.295
834.5 0.295
835.0 0.295
835.5 0.295
836.0 0.295
836.5 0.4325
837.0 0.29625
837.5 0.295
838.0 0.295
838.5 0.295
839.0 0.295
839.5 0.29375
840.0 0.295
840.5 0.43
841.0 0.29625
841.5 0.295
842.0 0.295
842.5 0.295
843.0 0.295
843.5 0.295
844.0 0.29625
844.5 0.435
845.0 0.29625
845.5 0.295
846.0 0.295
846.5 0.295
847.0 0.295
847.5 0.295
848.0 0.29375
848.5 0.44
849.0 0.295
849.5 0.295
850.0 0.29375
850.5 0.295
851.0 0.295
851.5 0.295
852.0 0.295
852.5 0.43125
853.0 0.29625
853.5 0.295
854.0 0.295
854.5 0.295
855.0 0.295
855.5 0.295
856.0 0.29375
856.5 0.4375
857.0 0.295
857.5 0.295
858.0 0.295
858.5 0.29375
859.0 0.295
859.5 0.29375
860.0 0.295
860.5 0.435
861.0 0.29625
861.5 0.295
862.0 0.295
862.5 0.29375
863.0 0.29375
863.5 0.295
864.0 0.295
864.5 0.435
865.0 0.29375
865.5 0.295
866.0 0.295
866.5 0.29375
867.0 0.295
867.5 0.295
868.0 0.295
868.5 0.43625
869.0 0.29625
869.5 0.295
870.0 0.295
870.5 0.295
871.0 0.295
871.5 0.295
872.0 0.29625
872.5 0.42625
873.0 0.295
873.5 0.295
874.0 0.295
874.5 0.295
875.0 0.295
875.5 0.295
876.0 0.295
876.5 0.44125
877.0 0.295
877.5 0.295
878.0 0.29375
878.5 0.2925
879.0 0.29375
879.5 0.29375
880.0 0.295
880.5 387.92625
881.0 1.2275
881.5 0.4425
882.0 0.39375
882.5 0.3075
883.0 0.29625
883.5 0.295
884.0 0.30625
884.5 0.5625
885.0 0.41875
885.5 0.295
886.0 0.29625
886.5 0.29625
887.0 0.29625
887.5 0.29375
888.0 0.3075
888.5 0.5625
889.0 0.41875
889.5 0.29625
890.0 0.29625
890.5 0.29625
891.0 0.295
891.5 0.295
892.0 0.29875
892.5 0.725
893.0 0.43375
893.5 0.29875
894.0 0.29625
894.5 0.295
895.0 0.295
895.5 0.29625
896.0 0.29875
896.5 0.54
897.0 0.41875
897.5 0.31
898.0 0.3075
898.5 0.3075
899.0 0.3075
899.5 0.3075
900.0 0.3075
900.5 0.5425
901.0 0.42125
901.5 0.29875
902.0 0.29875
902.5 0.29625
903.0 0.29625
903.5 0.29625
904.0 0.29875
904.5 0.54375
905.0 0.4375
905.5 0.31
906.0 0.3075
906.5 0.3075
907.0 0.3075
907.5 0.3075
908.0 0.3075
908.5 0.61625
909.0 0.42375
909.5 0.29875
910.0 0.29875
910.5 0.29625
911.0 0.29625
911.5 0.29625
912.0 0.29875
912.5 0.55
913.0 0.43125
913.5 0.3075
914.0 0.3075
914.5 0.3075
915.0 0.3075
915.5 0.3075
916.0 0.3075
916.5 0.645
917.0 0.41875
917.5 0.29875
918.0 0.29875
918.5 0.29625
919.0 0.29625
919.5 0.29625
920.0 0.29875
920.5 0.54625
921.0 0.415
921.5 0.29875
922.0 0.29875
922.5 0.29625
923.0 0.29625
923.5 0.29625
924.0 0.29875
924.5 0.52875
925.0 0.40375
925.5 0.29625
926.0 0.295
926.5 0.295
927.0 0.29625
927.5 0.29625
928.0 0.29875
928.5 0.45125
929.0 0.29875
929.5 0.29625
930.0 0.295
930.5 0.29625
931.0 0.29625
931.5 0.29625
932.0 0.295
932.5 0.44125
933.0 0.29625
933.5 0.29625
934.0 0.29625
934.5 0.29625
935.0 0.29625
935.5 0.29625
936.0 0.29875
936.5 0.43875
937.0 0.29625
937.5 0.29625
938.0 0.29625
938.5 0.29625
939.0 0.29625
939.5 0.29625
940.0 0.29875
940.5 0.4425
941.0 0.29625
941.5 0.29625
942.0 0.29625
942.5 0.29625
943.0 0.295
943.5 0.29625
944.0 0.29875
944.5 0.44125
945.0 0.29625
945.5 0.295
946.0 0.295
946.5 0.295
947.0 0.295
947.5 0.29625
948.0 0.295
948.5 0.4425
949.0 0.29625
949.5 0.29625
950.0 0.29625
950.5 0.295
951.0 0.29375
951.5 0.295
952.0 0.29625
952.5 0.42875
953.0 0.295
953.5 0.295
954.0 0.295
954.5 0.295
955.0 0.295
955.5 0.29375
956.0 0.295
956.5 0.4375
957.0 0.29625
957.5 0.295
958.0 0.295
958.5 0.295
959.0 0.295
959.5 0.29375
960.0 0.29375
960.5 0.43
961.0 0.29625
961.5 0.295
962.0 0.295
962.5 0.295
963.0 0.295
963.5 0.295
964.0 0.295
964.5 0.42875
965.0 0.295
965.5 0.295
966.0 0.295
966.5 0.295
967.0 0.295
967.5 0.295
968.0 0.295
968.5 0.43125
969.0 0.295
969.5 0.295
970.0 0.295
970.5 0.295
971.0 0.295
971.5 0.295
972.0 0.295
972.5 0.43875
973.0 0.295
973.5 0.295
974.0 0.295
974.5 0.295
975.0 0.295
975.5 0.2925
976.0 0.295
976.5 0.43375
977.0 0.29625
977.5 0.295
978.0 0.295
978.5 0.295
979.0 0.295
979.5 0.295
980.0 0.295
980.5 0.43125
981.0 0.295
981.5 0.295
982.0 0.295
982.5 0.295
983.0 0.295
983.5 0.29375
984.0 0.29625
984.5 0.43125
985.0 0.295
985.5 0.29375
986.0 0.295
986.5 0.295
987.0 0.295
987.5 0.29375
988.0 0.295
988.5 0.42875
989.0 0.29375
989.5 0.295
990.0 0.2925
990.5 0.295
991.0 0.295
991.5 0.295
992.0 0.29625
992.5 0.42875
993.0 0.295
993.5 0.29375
994.0 0.29375
994.5 0.295
995.0 0.295
995.5 0.295
996.0 0.29375
996.5 0.4275
997.0 0.295
997.5 0.295
998.0 0.29375
998.5 0.295
999.0 0.295
999.5 0.29375
1000.0 0.2925
1000.5 0.42625
1001.0 0.295
1001.5 0.295
1002.0 0.295
1002.5 0.295
1003.0 0.295
1003.5 0.295
1004.0 0.295
1004.5 0.43
1005.0 0.29625
1005.5 0.295
1006.0 0.295
1006.5 0.29375
1007.0 0.29625
1007.5 0.295
1008.0 0.29375
1008.5 418.0575
1009.0 1.1625
1009.5 0.42875
1010.0 0.38875
1010.5 0.29125
1011.0 0.295
1011.5 0.295
1012.0 0.305
1012.5 0.5425
1013.0 0.43625
1013.5 0.295
1014.0 0.33375
1014.5 0.29625
1015.0 0.29625
1015.5 0.295
1016.0 0.3025
1016.5 0.54
1017.0 0.42
1017.5 0.29875
1018.0 0.29875
1018.5 0.29875
1019.0 0.29875
1019.5 0.2975
1020.0 0.29875
1020.5 0.67625
1021.0 0.43375
1021.5 0.29875
1022.0 0.29875
1022.5 0.29625
1023.0 0.29875
1023.5 0.29625
1024.0 0.49
1024.5 0.5475
1025.0 0.45375
1025.5 0.29875
1026.0 0.29625
1026.5 0.29625
1027.0 0.29875
1027.5 0.29625
1028.0 0.29875
1028.5 0.54875
1029.0 0.42
1029.5 0.30125
1030.0 0.3
1030.5 0.3025
1031.0 0.3
1031.5 0.30125
1032.0 0.3
1032.5 0.56875
1033.0 0.42625
1033.5 0.29875
1034.0 0.29875
1034.5 0.29625
1035.0 0.29875
1035.5 0.2975
1036.0 0.29875
1036.5 0.56375
1037.0 0.425
1037.5 0.29875
1038.0 0.29625
1038.5 0.29625
1039.0 0.295
1039.5 0.29625
1040.0 0.29875
1040.5 0.56375
1041.0 0.43
1041.5 0.29625
1042.0 0.29625
1042.5 0.29625
1043.0 0.29625
1043.5 0.29625
1044.0 0.29875
1044.5 0.56875
1045.0 0.43375
1045.5 0.29875
1046.0 0.29625
1046.5 0.29625
1047.0 0.29625
1047.5 0.29625
1048.0 0.29875
1048.5 0.4725
1049.0 0.30125
1049.5 0.29625
1050.0 0.29625
1050.5 0.29625
1051.0 0.29625
1051.5 0.29625
1052.0 0.29875
1052.5 0.545
1053.0 0.29875
1053.5 0.29625
1054.0 0.29625
1054.5 0.29625
1055.0 0.295
1055.5 0.29625
1056.0 0.29875
1056.5 0.4525
1057.0 0.31625
1057.5 0.29625
1058.0 0.29625
1058.5 0.29625
1059.0 0.295
1059.5 0.29625
1060.0 0.29875
1060.5 0.4525
1061.0 0.315
1061.5 0.29625
1062.0 0.29625
1062.5 0.29625
1063.0 0.29625
1063.5 0.295
1064.0 0.29875
1064.5 0.54
1065.0 0.305
1065.5 0.29625
1066.0 0.29625
1066.5 0.29625
1067.0 0.29625
1067.5 0.29625
1068.0 0.295
1068.5 0.46
1069.0 0.305
1069.5 0.29875
1070.0 0.295
1070.5 0.295
1071.0 0.295
1071.5 0.295
1072.0 0.295
1072.5 0.44875
1073.0 0.29625
1073.5 0.29625
1074.0 0.29625
1074.5 0.29625
1075.0 0.295
1075.5 0.295
1076.0 0.29875
1076.5 0.44125
1077.0 0.295
1077.5 0.295
1078.0 0.295
1078.5 0.295
1079.0 0.295
1079.5 0.295
1080.0 0.2925
1080.5 0.42875
1081.0 0.295
1081.5 0.295
1082.0 0.295
1082.5 0.29375
1083.0 0.295
1083.5 0.295
1084.0 0.295
1084.5 0.435
1085.0 0.29625
1085.5 0.295
1086.0 0.295
1086.5 0.295
1087.0 0.295
1087.5 0.295
1088.0 0.295
1088.5 0.43625
1089.0 0.295
1089.5 0.295
1090.0 0.295
1090.5 0.295
1091.0 0.29375
1091.5 0.295
1092.0 0.295
1092.5 0.43375
1093.0 0.295
1093.5 0.295
1094.0 0.29625
1094.5 0.29625
1095.0 0.295
1095.5 0.29625
1096.0 0.295
1096.5 0.435
1097.0 0.295
1097.5 0.295
1098.0 0.295
1098.5 0.295
1099.0 0.295
1099.5 0.295
1100.0 0.295
1100.5 0.43875
1101.0 0.295
1101.5 0.29375
1102.0 0.295
1102.5 0.29375
1103.0 0.295
1103.5 0.295
1104.0 0.29375
1104.5 0.43375
1105.0 0.295
1105.5 0.29375
1106.0 0.295
1106.5 0.295
1107.0 0.29375
1107.5 0.295
1108.0 0.29375
1108.5 0.44125
1109.0 0.29625
1109.5 0.29625
1110.0 0.295
1110.5 0.295
1111.0 0.295
1111.5 0.29625
1112.0 0.29375
1112.5 0.435
1113.0 0.295
1113.5 0.295
1114.0 0.295
1114.5 0.295
1115.0 0.295
1115.5 0.295
1116.0 0.29625
1116.5 0.43
1117.0 0.295
1117.5 0.295
1118.0 0.295
1118.5 0.295
1119.0 0.29375
1119.5 0.29625
1120.0 0.29375
1120.5 0.435
1121.0 0.29625
1121.5 0.29625
1122.0 0.295
1122.5 0.295
1123.0 0.295
1123.5 0.295
1124.0 0.295
1124.5 0.43625
1125.0 0.295
1125.5 0.295
1126.0 0.295
1126.5 0.295
1127.0 0.295
1127.5 0.295
1128.0 0.295
1128.5 0.44125
1129.0 0.29625
1129.5 0.29625
1130.0 0.29375
1130.5 0.295
1131.0 0.295
1131.5 0.29375
1132.0 0.29625
1132.5 0.435
1133.0 0.29375
1133.5 0.29625
1134.0 0.295
1134.5 0.29375
1135.0 0.295
1135.5 0.29625
1136.0 0.295
1136.5 400.15625
1137.0 1.19125
1137.5 0.42375
1138.0 0.385
1138.5 0.3175
1139.0 0.32625
1139.5 0.32125
1140.0 0.32625
1140.5 0.6325
1141.0 0.40875
1141.5 0.31625
1142.0 0.315
1142.5 0.30875
1143.0 0.31625
1143.5 0.31125
1144.0 0.31875
1144.5 0.54875
1145.0 0.42375
1145.5 0.31125
1146.0 0.31625
1146.5 0.31625
1147.0 0.31625
1147.5 0.31375
1148.0 0.31125
1148.5 0.555
1149.0 0.4075
1149.5 0.31375
1150.0 0.31375
1150.5 0.31
1151.0 0.31125
1151.5 0.30375
1152.0 0.295
1152.5 0.56625
1153.0 0.43
1153.5 0.31
1154.0 0.3075
1154.5 0.3075
1155.0 0.3075
1155.5 0.3075
1156.0 0.3075
1156.5 0.55125
1157.0 0.4075
1157.5 0.29875
1158.0 0.29625
1158.5 0.29625
1159.0 0.29625
1159.5 0.29625
1160.0 0.29875
1160.5 0.56375
1161.0 0.42
1161.5 0.29875
1162.0 0.29625
1162.5 0.29625
1163.0 0.29625
1163.5 0.29625
1164.0 0.29875
1164.5 0.5625
1165.0 0.41375
1165.5 0.29625
1166.0 0.29625
1166.5 0.29625
1167.0 0.29875
1167.5 0.29625
1168.0 0.2975
1168.5 0.56625
1169.0 0.41875
1169.5 0.29875
1170.0 0.29875
1170.5 0.29625
1171.0 0.29875
1171.5 0.29625
1172.0 0.29875
1172.5 0.54375
1173.0 0.4075
1173.5 0.29625
1174.0 0.29625
1174.5 0.29625
1175.0 0.29625
1175.5 0.29625
1176.0 0.295
1176.5 0.55
1177.0 0.41375
1177.5 0.29875
1178.0 0.29625
1178.5 0.29625
1179.0 0.29625
1179.5 0.29625
1180.0 0.29875
1180.5 0.45875
1181.0 0.36
1181.5 0.29625
1182.0 0.29625
1182.5 0.29625
1183.0 0.29625
1183.5 0.29625
1184.0 0.29875
1184.5 0.45625
1185.0 0.29875
1185.5 0.29625
1186.0 0.29625
1186.5 0.29625
1187.0 0.29625
1187.5 0.29625
1188.0 0.29875
1188.5 0.45875
1189.0 0.29625
1189.5 0.29625
1190.0 0.29625
1190.5 0.29625
1191.0 0.29625
1191.5 0.29625
1192.0 0.295
1192.5 0.4425
1193.0 0.29625
1193.5 0.29625
1194.0 0.29625
1194.5 0.29625
1195.0 0.295
1195.5 0.29625
1196.0 0.29875
1196.5 0.45
1197.0 0.29625
1197.5 0.29625
1198.0 0.29625
1198.5 0.29625
1199.0 0.295
1199.5 0.295
1200.0 0.295
1200.5 0.44125
1201.0 0.29625
1201.5 0.295
1202.0 0.29625
1202.5 0.295
1203.0 0.295
1203.5 0.29625
1204.0 0.29625
1204.5 0.44125
1205.0 0.29625
1205.5 0.29625
1206.0 0.295
1206.5 0.295
1207.0 0.29375
1207.5 0.295
1208.0 0.295
1208.5 0.43375
1209.0 0.295
1209.5 0.295
1210.0 0.295
1210.5 0.295
1211.0 0.295
1211.5 0.295
1212.0 0.295
1212.5 0.42625
1213.0 0.295
1213.5 0.295
1214.0 0.295
1214.5 0.295
1215.0 0.295
1215.5 0.295
1216.0 0.295
1216.5 0.42875
1217.0 0.29625
1217.5 0.295
1218.0 0.295
1218.5 0.295
1219.0 0.29625
1219.5 0.29375
1220.0 0.29625
1220.5 0.43125
1221.0 0.29625
1221.5 0.295
1222.0 0.295
1222.5 0.295
1223.0 0.295
1223.5 0.295
1224.0 0.295
1224.5 0.43375
1225.0 0.295
1225.5 0.295
1226.0 0.295
1226.5 0.295
1227.0 0.295
1227.5 0.295
1228.0 0.295
1228.5 0.44
1229.0 0.29625
1229.5 0.295
1230.0 0.295
1230.5 0.295
1231.0 0.295
1231.5 0.295
1232.0 0.295
1232.5 0.435
1233.0 0.295
1233.5 0.295
1234.0 0.295
1234.5 0.295
1235.0 0.295
1235.5 0.295
1236.0 0.29375
1236.5 0.43125
1237.0 0.29625
1237.5 0.295
1238.0 0.29375
1238.5 0.295
1239.0 0.295
1239.5 0.29375
1240.0 0.295
1240.5 0.43125
1241.0 0.29375
1241.5 0.29375
1242.0 0.29375
1242.5 0.29375
1243.0 0.29375
1243.5 0.295
1244.0 0.295
1244.5 0.42875
1245.0 0.29625
1245.5 0.29625
1246.0 0.295
1246.5 0.29625
1247.0 0.295
1247.5 0.29625
1248.0 0.295
1248.5 0.4275
1249.0 0.29375
1249.5 0.29375
1250.0 0.29375
1250.5 0.295
1251.0 0.2925
1251.5 0.295
1252.0 0.295
1252.5 0.42875
1253.0 0.295
1253.5 0.295
1254.0 0.29375
1254.5 0.295
1255.0 0.295
1255.5 0.295
1256.0 0.29375
1256.5 0.4375
1257.0 0.29625
1257.5 0.295
1258.0 0.295
1258.5 0.29375
1259.0 0.295
1259.5 0.295
1260.0 0.295
1260.5 0.43
1261.0 0.29625
1261.5 0.295
1262.0 0.295
1262.5 0.295
1263.0 0.29375
1263.5 0.295
1264.0 0.29375
1264.5 386.07625
1265.0 1.0725
1265.5 0.40625
1266.0 0.3775
1266.5 0.315
1267.0 0.315
1267.5 0.31375
1268.0 0.31875
1268.5 0.61
1269.0 0.47375
1269.5 0.32875
1270.0 0.32625
1270.5 0.325
1271.0 0.32625
1271.5 0.325
1272.0 0.32875
1272.5 0.5475
1273.0 0.42
1273.5 0.32875
1274.0 0.3225
1274.5 0.325
1275.0 0.3225
1275.5 0.325
1276.0 0.325
1276.5 0.55125
1277.0 0.42375
1277.5 0.31375
1278.0 0.31375
1278.5 0.31125
1279.0 0.31375
1279.5 0.31375
1280.0 0.49
1280.5 0.70875
1281.0 0.4425
1281.5 0.325
1282.0 0.32875
1282.5 0.32125
1283.0 0.32375
1283.5 0.32125
1284.0 0.325
1284.5 0.6075
1285.0 0.42375
1285.5 0.31375
1286.0 0.31125
1286.5 0.31125
1287.0 0.31125
1287.5 0.31375
1288.0 0.31375
1288.5 0.6525
1289.0 0.435
1289.5 0.29875
1290.0 0.29875
1290.5 0.29625
1291.0 0.29625
1291.5 0.29625
1292.0 0.29875
1292.5 0.5325
1293.0 0.40875
1293.5 0.29875
1294.0 0.29875
1294.5 0.29625
1295.0 0.295
1295.5 0.29625
1296.0 0.29875
1296.5 0.62875
1297.0 0.4075
1297.5 0.29875
1298.0 0.29875
1298.5 0.29625
1299.0 0.29875
1299.5 0.29625
1300.0 0.29875
1300.5 0.565
1301.0 0.40375
1301.5 0.29875
1302.0 0.29875
1302.5 0.29625
1303.0 0.29625
1303.5 0.29625
1304.0 0.29625
1304.5 0.64
1305.0 0.43125
1305.5 0.30125
1306.0 0.3
1306.5 0.3025
1307.0 0.3
1307.5 0.29625
1308.0 0.29875
1308.5 0.4675
1309.0 0.30375
1309.5 0.29875
1310.0 0.29625
1310.5 0.29625
1311.0 0.29625
1311.5 0.29625
1312.0 0.29875
1312.5 0.44375
1313.0 0.40375
1313.5 0.29875
1314.0 0.29625
1314.5 0.29625
1315.0 0.29625
1315.5 0.29625
1316.0 0.29875
1316.5 0.46625
1317.0 0.29875
1317.5 0.29625
1318.0 0.29625
1318.5 0.29625
1319.0 0.29625
1319.5 0.29625
1320.0 0.29875
1320.5 0.44375
1321.0 0.29625
1321.5 0.29625
1322.0 0.29625
1322.5 0.29625
1323.0 0.295
1323.5 0.295
1324.0 0.295
1324.5 0.44125
1325.0 0.30125
1325.5 0.29625
1326.0 0.295
1326.5 0.295
1327.0 0.295
1327.5 0.295
1328.0 0.295
1328.5 0.4575
1329.0 0.2975
1329.5 0.295
1330.0 0.295
1330.5 0.295
1331.0 0.29625
1331.5 0.295
1332.0 0.295
1332.5 0.445
1333.0 0.295
1333.5 0.295
1334.0 0.295
1334.5 0.295
1335.0 0.29625
1335.5 0.295
1336.0 0.29625
1336.5 0.44125
1337.0 0.295
1337.5 0.29375
1338.0 0.29625
1338.5 0.295
1339.0 0.295
1339.5 0.295
1340.0 0.295
1340.5 0.435
1341.0 0.295
1341.5 0.295
1342.0 0.295
1342.5 0.295
1343.0 0.295
1343.5 0.295
1344.0 0.295
1344.5 0.43
1345.0 0.29625
1345.5 0.29375
1346.0 0.29375
1346.5 0.295
1347.0 0.29625
1347.5 0.29625
1348.0 0.295
1348.5 0.43625
1349.0 0.29625
1349.5 0.295
1350.0 0.295
1350.5 0.29375
1351.0 0.295
1351.5 0.295
1352.0 0.295
1352.5 0.42875
1353.0 0.29625
1353.5 0.295
1354.0 0.295
1354.5 0.295
1355.0 0.295
1355.5 0.29375
1356.0 0.295
1356.5 0.43375
1357.0 0.29625
1357.5 0.295
1358.0 0.29375
1358.5 0.295
1359.0 0.295
1359.5 0.295
1360.0 0.29625
1360.5 0.43625
1361.0 0.295
1361.5 0.295
1362.0 0.295
1362.5 0.29375
1363.0 0.295
1363.5 0.295
1364.0 0.295
1364.5 0.4375
1365.0 0.295
1365.5 0.295
1366.0 0.295
1366.5 0.29375
1367.0 0.295
1367.5 0.295
1368.0 0.29375
1368.5 0.43375
1369.0 0.295
1369.5 0.295
1370.0 0.29375
1370.5 0.295
1371.0 0.295
1371.5 0.295
1372.0 0.295
1372.5 0.42875
1373.0 0.295
1373.5 0.295
1374.0 0.295
1374.5 0.295
1375.0 0.295
1375.5 0.295
1376.0 0.295
1376.5 0.43
1377.0 0.29625
1377.5 0.29625
1378.0 0.29625
1378.5 0.295
1379.0 0.295
1379.5 0.295
1380.0 0.295
1380.5 0.4375
1381.0 0.295
1381.5 0.295
1382.0 0.295
1382.5 0.295
1383.0 0.295
1383.5 0.295
1384.0 0.295
1384.5 0.4375
1385.0 0.29625
1385.5 0.295
1386.0 0.29375
1386.5 0.29375
1387.0 0.29375
1387.5 0.295
1388.0 0.295
1388.5 0.43625
1389.0 0.295
1389.5 0.295
1390.0 0.29375
1390.5 0.295
1391.0 0.29375
1391.5 0.295
1392.0 0.29375
1392.5 400.78125
1393.0 1.1625
1393.5 0.41625
1394.0 0.385
1394.5 0.3175
1395.0 0.32625
1395.5 0.32125
1396.0 0.32875
1396.5 0.54875
1397.0 0.4125
1397.5 0.31375
1398.0 0.315
1398.5 0.30875
1399.0 0.315
1399.5 0.31375
1400.0 0.31875
1400.5 0.55375
1401.0 0.41625
1401.5 0.32125
1402.0 0.31625
1402.5 0.31375
1403.0 0.3225
1403.5 0.31625
1404.0 0.31375
1404.5 0.5425
1405.0 0.4075
1405.5 0.315
1406.0 0.31625
1406.5 0.3125
1407.0 0.29875
1407.5 0.295
1408.0 0.29875
1408.5 0.545
1409.0 0.41375
1409.5 0.29875
1410.0 0.29875
1410.5 0.29875
1411.0 0.29875
1411.5 0.2975
1412.0 0.29875
1412.5 0.55625
1413.0 0.405
1413.5 0.31375
1414.0 0.29875
1414.5 0.29875
1415.0 0.29875
1415.5 0.2975
1416.0 0.29875
1416.5 0.58375
1417.0 0.40875
1417.5 0.29875
1418.0 0.29875
1418.5 0.29375
1419.0 0.29875
1419.5 0.2975
1420.0 0.29875
1420.5 0.54375
1421.0 0.41875
1421.5 0.29625
1422.0 0.29875
1422.5 0.29625
1423.0 0.29875
1423.5 0.29625
1424.0 0.29875
1424.5 0.56375
1425.0 0.41125
1425.5 0.29875
1426.0 0.29875
1426.5 0.29625
1427.0 0.295
1427.5 0.29625
1428.0 0.29875
1428.5 0.5425
1429.0 0.4125
1429.5 0.29875
1430.0 0.29625
1430.5 0.29625
1431.0 0.29625
1431.5 0.29625
1432.0 0.29875
1432.5 0.45125
1433.0 0.29625
1433.5 0.29625
1434.0 0.29625
1434.5 0.295
1435.0 0.29625
1435.5 0.29625
1436.0 0.29875
1436.5 0.46
1437.0 0.295
1437.5 0.29625
1438.0 0.29625
1438.5 0.29625
1439.0 0.29625
1439.5 0.29625
1440.0 0.29625
1440.5 0.43875
1441.0 0.29875
1441.5 0.29625
1442.0 0.29625
1442.5 0.295
1443.0 0.29625
1443.5 0.29625
1444.0 0.29625
1444.5 0.44125
1445.0 0.29625
1445.5 0.29375
1446.0 0.29625
1446.5 0.29625
1447.0 0.29625
1447.5 0.29625
1448.0 0.29625
1448.5 0.44125
1449.0 0.295
1449.5 0.295
1450.0 0.29375
1450.5 0.295
1451.0 0.29375
1451.5 0.295
1452.0 0.295
1452.5 0.44125
1453.0 0.295
1453.5 0.29625
1454.0 0.29625
1454.5 0.29625
1455.0 0.29625
1455.5 0.29625
1456.0 0.295
1456.5 0.445
1457.0 0.29875
1457.5 0.29375
1458.0 0.29375
1458.5 0.29375
1459.0 0.295
1459.5 0.295
1460.0 0.29375
1460.5 0.42875
1461.0 0.29375
1461.5 0.295
1462.0 0.295
1462.5 0.295
1463.0 0.295
1463.5 0.295
1464.0 0.295
1464.5 0.42875
1465.0 0.29625
1465.5 0.295
1466.0 0.295
1466.5 0.295
1467.0 0.295
1467.5 0.29625
1468.0 0.295
1468.5 0.435
1469.0 0.29625
1469.5 0.295
1470.0 0.29375
1470.5 0.295
1471.0 0.295
1471.5 0.295
1472.0 0.29375
1472.5 0.43375
1473.0 0.295
1473.5 0.295
1474.0 0.295
1474.5 0.295
1475.0 0.295
1475.5 0.29625
1476.0 0.295
1476.5 0.43125
1477.0 0.29625
1477.5 0.295
1478.0 0.295
1478.5 0.295
1479.0 0.295
1479.5 0.295
1480.0 0.29375
1480.5 0.43
1481.0 0.29625
1481.5 0.29625
1482.0 0.295
1482.5 0.295
1483.0 0.295
1483.5 0.295
1484.0 0.295
1484.5 0.43125
1485.0 0.29375
1485.5 0.295
1486.0 0.295
1486.5 0.295
1487.0 0.295
1487.5 0.295
1488.0 0.295
1488.5 0.435
1489.0 0.295
1489.5 0.295
1490.0 0.295
1490.5 0.295
1491.0 0.295
1491.5 0.295
1492.0 0.295
1492.5 0.43625
1493.0 0.295
1493.5 0.295
1494.0 0.295
1494.5 0.295
1495.0 0.295
1495.5 0.29375
1496.0 0.295
1496.5 0.43125
1497.0 0.29625
1497.5 0.295
1498.0 0.295
1498.5 0.295
1499.0 0.29375
1499.5 0.295
1500.0 0.295
1500.5 0.435
1501.0 0.295
1501.5 0.295
1502.0 0.29375
1502.5 0.29375
1503.0 0.295
1503.5 0.295
1504.0 0.295
1504.5 0.43125
1505.0 0.29625
1505.5 0.295
1506.0 0.29375
1506.5 0.29625
1507.0 0.29375
1507.5 0.295
1508.0 0.295
1508.5 0.43125
1509.0 0.295
1509.5 0.295
1510.0 0.295
1510.5 0.295
1511.0 0.295
1511.5 0.29375
1512.0 0.2925
1512.5 0.43375
1513.0 0.295
1513.5 0.295
1514.0 0.295
1514.5 0.29375
1515.0 0.29375
1515.5 0.295
1516.0 0.295
1516.5 0.4375
1517.0 0.29375
1517.5 0.295
1518.0 0.295
1518.5 0.29625
1519.0 0.29375
1519.5 0.29375
1520.0 0.29375
1520.5 442.89375
1521.0 0.995
1521.5 0.42
1522.0 0.33125
1522.5 0.31375
1523.0 0.31125
1523.5 0.30875
1524.0 0.31625
1524.5 0.5525
1525.0 0.4075
1525.5 0.31375
1526.0 0.31375
1526.5 0.31375
1527.0 0.31
1527.5 0.31
1528.0 0.3175
1528.5 0.5475
1529.0 0.405
1529.5 0.3175
1530.0 0.31875
1530.5 0.32125
1531.0 0.31875
1531.5 0.32
1532.0 0.32
1532.5 0.57
1533.0 0.4125
1533.5 0.31375
1534.0 0.3125
1534.5 0.3125
1535.0 0.3125
1535.5 0.31375
1536.0 0.31375
1536.5 0.585
1537.0 0.4225
1537.5 0.29875
1538.0 0.295
1538.5 0.29875
1539.0 0.29875
1539.5 0.2975
1540.0 0.29875
1540.5 0.5625
1541.0 0.4075
1541.5 0.2975
1542.0 0.2975
1542.5 0.2975
1543.0 0.2975
1543.5 0.29875
1544.0 0.295
1544.5 0.5775
1545.0 0.41625
1545.5 0.29875
1546.0 0.29875
1546.5 0.29625
1547.0 0.29625
1547.5 0.29625
1548.0 0.29875
1548.5 0.56125
1549.0 0.42
1549.5 0.29875
1550.0 0.29625
1550.5 0.295
1551.0 0.29875
1551.5 0.29625
1552.0 0.29875
1552.5 0.565
1553.0 0.42375
1553.5 0.29875
1554.0 0.29875
1554.5 0.29625
1555.0 0.29875
1555.5 0.29625
1556.0 0.29875
1556.5 0.5525
1557.0 0.4225
1557.5 0.29875
1558.0 0.29625
1558.5 0.29625
1559.0 0.29625
1559.5 0.29625
1560.0 0.29875
1560.5 0.4475
1561.0 0.4125
1561.5 0.29875
1562.0 0.29875
1562.5 0.29875
1563.0 0.29875
1563.5 0.2975
1564.0 0.29875
1564.5 0.465
1565.0 0.29625
1565.5 0.29625
1566.0 0.29625
1566.5 0.295
1567.0 0.29625
1567.5 0.29625
1568.0 0.29625
1568.5 0.47625
1569.0 0.29625
1569.5 0.29625
1570.0 0.29625
1570.5 0.29625
1571.0 0.29625
1571.5 0.29625
1572.0 0.29625
1572.5 0.43125
1573.0 0.29875
1573.5 0.29375
1574.0 0.29625
1574.5 0.29625
1575.0 0.29625
1575.5 0.29625
1576.0 0.29875
1576.5 0.4375
1577.0 0.29875
1577.5 0.29625
1578.0 0.29625
1578.5 0.295
1579.0 0.29625
1579.5 0.29625
1580.0 0.29625
1580.5 0.44375
1581.0 0.29875
1581.5 0.29625
1582.0 0.29625
1582.5 0.29625
1583.0 0.29625
1583.5 0.29625
1584.0 0.29625
1584.5 0.445
1585.0 0.29875
1585.5 0.29625
1586.0 0.295
1586.5 0.295
1587.0 0.29625
1587.5 0.295
1588.0 0.29625
1588.5 0.43875
1589.0 0.295
1589.5 0.295
1590.0 0.295
1590.5 0.295
1591.0 0.295
1591.5 0.295
1592.0 0.295
1592.5 0.435
1593.0 0.29625
1593.5 0.295
1594.0 0.295
1594.5 0.295
1595.0 0.295
1595.5 0.295
1596.0 0.295
1596.5 0.44125
1597.0 0.29375
1597.5 0.295
1598.0 0.295
1598.5 0.29625
1599.0 0.29625
1599.5 0.295
1600.0 0.295
1600.5 0.4275
1601.0 0.295
1601.5 0.29375
1602.0 0.295
1602.5 0.295
1603.0 0.295
1603.5 0.295
1604.0 0.295
1604.5 0.44125
1605.0 0.295
1605.5 0.295
1606.0 0.295
1606.5 0.295
1607.0 0.295
1607.5 0.295
1608.0 0.295
1608.5 0.43875
1609.0 0.29625
1609.5 0.295
1610.0 0.295
1610.5 0.29375
1611.0 0.29375
1611.5 0.29375
1612.0 0.29375
1612.5 0.43375
1613.0 0.295
1613.5 0.295
1614.0 0.295
1614.5 0.295
1615.0 0.295
1615.5 0.29625
1616.0 0.29375
1616.5 0.4375
1617.0 0.29625
1617.5 0.295
1618.0 0.295
1618.5 0.295
1619.0 0.29625
1619.5 0.29625
1620.0 0.29625
1620.5 0.43625
1621.0 0.295
1621.5 0.295
1622.0 0.295
1622.5 0.295
1623.0 0.295
1623.5 0.295
1624.0 0.295
1624.5 0.44125
1625.0 0.29625
1625.5 0.29625
1626.0 0.295
1626.5 0.295
1627.0 0.295
1627.5 0.29625
1628.0 0.29875
1628.5 0.435
1629.0 0.295
1629.5 0.295
1630.0 0.29625
1630.5 0.29375
1631.0 0.295
1631.5 0.295
1632.0 0.295
1632.5 0.43875
1633.0 0.29625
1633.5 0.295
1634.0 0.295
1634.5 0.295
1635.0 0.295
1635.5 0.295
1636.0 0.295
1636.5 0.4275
1637.0 0.295
1637.5 0.295
1638.0 0.295
1638.5 0.29625
1639.0 0.295
1639.5 0.295
1640.0 0.295
1640.5 0.43625
1641.0 0.29625
1641.5 0.295
1642.0 0.29375
1642.5 0.295
1643.0 0.295
1643.5 0.29375
1644.0 0.295
1644.5 0.435
1645.0 0.29625
1645.5 0.295
1646.0 0.295
1646.5 0.295
1647.0 0.295
1647.5 0.295
1648.0 0.295
1648.5 401.05625
1649.0 1.0125
1649.5 0.40375
1650.0 0.33125
1650.5 0.295
1651.0 0.295
1651.5 0.2925
1652.0 0.3025
1652.5 0.5475
1653.0 0.41125
1653.5 0.3
1654.0 0.29875
1654.5 0.29875
1655.0 0.29875
1655.5 0.29625
1656.0 0.3075
1656.5 0.545
1657.0 0.4225
1657.5 0.30125
1658.0 0.29625
1658.5 0.295
1659.0 0.29875
1659.5 0.29625
1660.0 0.295
1660.5 0.5425
1661.0 0.4075
1661.5 0.29625
1662.0 0.295
1662.5 0.295
1663.0 0.29875
1663.5 0.295
1664.0 0.29875
1664.5 0.5475
1665.0 0.405
1665.5 0.29875
1666.0 0.29625
1666.5 0.29625
1667.0 0.29625
1667.5 0.29625
1668.0 0.295
1668.5 0.54
1669.0 0.40875
1669.5 0.29875
1670.0 0.29625
1670.5 0.295
1671.0 0.29625
1671.5 0.29625
1672.0 0.29875
1672.5 0.5575
1673.0 0.4075
1673.5 0.29625
1674.0 0.29625
1674.5 0.29625
1675.0 0.29625
1675.5 0.29625
1676.0 0.29875
1676.5 0.485
1677.0 0.29875
1677.5 0.295
1678.0 0.29625
1678.5 0.29625
1679.0 0.29625
1679.5 0.29625
1680.0 0.2925
1680.5 0.4425
1681.0 0.29875
1681.5 0.295
1682.0 0.29625
1682.5 0.29625
1683.0 0.29625
1683.5 0.29625
1684.0 0.29875
1684.5 0.46625
1685.0 0.355
1685.5 0.29625
1686.0 0.29625
1686.5 0.29625
1687.0 0.29625
1687.5 0.29625
1688.0 0.29875
1688.5 0.4425
1689.0 0.3
1689.5 0.29625
1690.0 0.29625
1690.5 0.295
1691.0 0.29625
1691.5 0.29625
1692.0 0.29875
1692.5 0.44875
1693.0 0.29625
1693.5 0.295
1694.0 0.295
1694.5 0.295
1695.0 0.295
1695.5 0.295
1696.0 0.295
1696.5 0.44375
1697.0 0.29625
1697.5 0.295
1698.0 0.295
1698.5 0.295
1699.0 0.295
1699.5 0.295
1700.0 0.29625
1700.5 0.44125
1701.0 0.29625
1701.5 0.29625
1702.0 0.295
1702.5 0.29625
1703.0 0.29625
1703.5 0.295
1704.0 0.295
1704.5 0.435
1705.0 0.29875
1705.5 0.295
1706.0 0.295
1706.5 0.295
1707.0 0.295
1707.5 0.295
1708.0 0.295
1708.5 0.44125
1709.0 0.295
1709.5 0.295
1710.0 0.295
1710.5 0.295
1711.0 0.29625
1711.5 0.29625
1712.0 0.29625
1712.5 0.4425
1713.0 0.29625
1713.5 0.29625
1714.0 0.29625
1714.5 0.29625
1715.0 0.295
1715.5 0.29625
1716.0 0.29625
1716.5 0.43875
1717.0 0.29625
1717.5 0.295
1718.0 0.295
1718.5 0.295
1719.0 0.295
1719.5 0.295
1720.0 0.295
1720.5 0.43
1721.0 0.29375
1721.5 0.29375
1722.0 0.29375
1722.5 0.29375
1723.0 0.29375
1723.5 0.29375
1724.0 0.295
1724.5 0.42875
1725.0 0.295
1725.5 0.295
1726.0 0.29375
1726.5 0.295
1727.0 0.295
1727.5 0.295
1728.0 0.295
1728.5 0.435
1729.0 0.295
1729.5 0.2925
1730.0 0.295
1730.5 0.295
1731.0 0.295
1731.5 0.29625
1732.0 0.29375
1732.5 0.43375
1733.0 0.295
1733.5 0.29625
1734.0 0.29375
1734.5 0.295
1735.0 0.29625
1735.5 0.295
1736.0 0.2925
1736.5 0.43
1737.0 0.295
1737.5 0.295
1738.0 0.295
1738.5 0.295
1739.0 0.295
1739.5 0.295
1740.0 0.295
1740.5 0.43125
1741.0 0.29625
1741.5 0.295
1742.0 0.295
1742.5 0.295
1743.0 0.295
1743.5 0.295
1744.0 0.295
1744.5 0.42875
1745.0 0.29625
1745.5 0.295
1746.0 0.2925
1746.5 0.29375
1747.0 0.295
1747.5 0.295
1748.0 0.295
1748.5 0.4275
1749.0 0.295
1749.5 0.295
1750.0 0.2925
1750.5 0.295
1751.0 0.295
1751.5 0.29375
1752.0 0.295
1752.5 0.43
1753.0 0.29625
1753.5 0.295
1754.0 0.29375
1754.5 0.295
1755.0 0.29375
1755.5 0.295
1756.0 0.295
1756.5 0.43375
1757.0 0.295
1757.5 0.295
1758.0 0.295
1758.5 0.295
1759.0 0.29375
1759.5 0.295
1760.0 0.295
1760.5 0.4375
1761.0 0.295
1761.5 0.295
1762.0 0.29375
1762.5 0.295
1763.0 0.295
1763.5 0.295
1764.0 0.295
1764.5 0.435
1765.0 0.29625
1765.5 0.295
1766.0 0.295
1766.5 0.295
1767.0 0.29375
1767.5 0.295
1768.0 0.29375
1768.5 0.4375
1769.0 0.29625
1769.5 0.29375
1770.0 0.29375
1770.5 0.295
1771.0 0.295
1771.5 0.295
1772.0 0.29375
1772.5 0.43625
1773.0 0.29625
1773.5 0.295
1774.0 0.295
1774.5 0.295
1775.0 0.295
1775.5 0.295
1776.0 0.29375
1776.5 420.31375
1777.0 1.045
1777.5 0.42125
1778.0 0.335
1778.5 0.30875
1779.0 0.30875
1779.5 0.3075
1780.0 0.31625
1780.5 0.6
1781.0 0.41125
1781.5 0.29875
1782.0 0.29875
1782.5 0.295
1783.0 0.29875
1783.5 0.29625
1784.0 0.3075
1784.5 0.525
1785.0 0.4075
1785.5 0.31125
1786.0 0.30875
1786.5 0.31125
1787.0 0.3075
1787.5 0.31125
1788.0 0.30625
1788.5 0.55375
1789.0 0.41875
1789.5 0.29875
1790.0 0.29875
1790.5 0.295
1791.0 0.29875
1791.5 0.295
1792.0 0.325
1792.5 0.565
1793.0 0.42
1793.5 0.3025
1794.0 0.3
1794.5 0.3025
1795.0 0.3
1795.5 0.30125
1796.0 0.3
1796.5 0.525
1797.0 0.41
1797.5 0.29875
1798.0 0.29875
1798.5 0.29625
1799.0 0.29625
1799.5 0.29625
1800.0 0.29875
1800.5 0.55
1801.0 0.42
1801.5 0.29875
1802.0 0.29875
1802.5 0.295
1803.0 0.29875
1803.5 0.29625
1804.0 0.29875
1804.5 0.545
1805.0 0.4125
1805.5 0.295
1806.0 0.29625
1806.5 0.295
1807.0 0.295
1807.5 0.295
1808.0 0.29625
1808.5 0.56125
1809.0 0.415
1809.5 0.29625
1810.0 0.2975
1810.5 0.29625
1811.0 0.29625
1811.5 0.29625
1812.0 0.29875
1812.5 0.54375
1813.0 0.415
1813.5 0.29625
1814.0 0.29875
1814.5 0.29625
1815.0 0.29625
1815.5 0.29625
1816.0 0.29875
1816.5 0.55
1817.0 0.40375
1817.5 0.29625
1818.0 0.29625
1818.5 0.29375
1819.0 0.295
1819.5 0.295
1820.0 0.2975
1820.5 0.47875
1821.0 0.31375
1821.5 0.29625
1822.0 0.29625
1822.5 0.29625
1823.0 0.29625
1823.5 0.29625
1824.0 0.29625
1824.5 0.45125
1825.0 0.38125
1825.5 0.29625
1826.0 0.29625
1826.5 0.29625
1827.0 0.29625
1827.5 0.29625
1828.0 0.29625
1828.5 0.43875
1829.0 0.3
1829.5 0.29625
1830.0 0.29625
1830.5 0.29625
1831.0 0.29625
1831.5 0.29625
1832.0 0.29625
1832.5 0.4425
1833.0 0.29875
1833.5 0.29625
1834.0 0.29625
1834.5 0.29625
1835.0 0.295
1835.5 0.29625
1836.0 0.29625
1836.5 0.46
1837.0 0.29875
1837.5 0.29625
1838.0 0.29625
1838.5 0.29625
1839.0 0.29625
1839.5 0.29625
1840.0 0.29625
1840.5 0.43625
1841.0 0.29625
1841.5 0.295
1842.0 0.29625
1842.5 0.295
1843.0 0.29625
1843.5 0.295
1844.0 0.29625
1844.5 0.43125
1845.0 0.29625
1845.5 0.295
1846.0 0.295
1846.5 0.295
1847.0 0.295
1847.5 0.295
1848.0 0.295
1848.5 0.43125
1849.0 0.295
1849.5 0.295
1850.0 0.29375
1850.5 0.295
1851.0 0.295
1851.5 0.295
1852.0 0.29625
1852.5 0.44375
1853.0 0.29625
1853.5 0.29625
1854.0 0.295
1854.5 0.29625
1855.0 0.295
1855.5 0.295
1856.0 0.295
1856.5 0.43625
1857.0 0.29625
1857.5 0.295
1858.0 0.29625
1858.5 0.295
1859.0 0.295
1859.5 0.29625
1860.0 0.29625
1860.5 0.43375
1861.0 0.295
1861.5 0.295
1862.0 0.29625
1862.5 0.295
1863.0 0.295
1863.5 0.295
1864.0 0.295
1864.5 0.43625
1865.0 0.29625
1865.5 0.295
1866.0 0.295
1866.5 0.295
1867.0 0.295
1867.5 0.295
1868.0 0.295
1868.5 0.435
1869.0 0.29375
1869.5 0.295
1870.0 0.295
1870.5 0.295
1871.0 0.295
1871.5 0.295
1872.0 0.2925
1872.5 0.4375
1873.0 0.295
1873.5 0.295
1874.0 0.295
1874.5 0.295
1875.0 0.29375
1875.5 0.295
1876.0 0.295
1876.5 0.43
1877.0 0.295
1877.5 0.295
1878.0 0.295
1878.5 0.295
1879.0 0.29625
1879.5 0.295
1880.0 0.295
1880.5 0.43125
1881.0 0.295
1881.5 0.295
1882.0 0.295
1882.5 0.295
1883.0 0.29375
1883.5 0.295
1884.0 0.295
1884.5 0.435
1885.0 0.295
1885.5 0.295
1886.0 0.295
1886.5 0.295
1887.0 0.295
1887.5 0.295
1888.0 0.295
1888.5 0.43125
1889.0 0.29625
1889.5 0.295
1890.0 0.295
1890.5 0.295
1891.0 0.2925
1891.5 0.295
1892.0 0.295
1892.5 0.43
1893.0 0.29625
1893.5 0.295
1894.0 0.295
1894.5 0.29625
1895.0 0.295
1895.5 0.295
1896.0 0.295
1896.5 0.43875
1897.0 0.29625
1897.5 0.29625
1898.0 0.29375
1898.5 0.295
1899.0 0.295
1899.5 0.295
1900.0 0.295
1900.5 0.43625
1901.0 0.295
1901.5 0.295
1902.0 0.29375
1902.5 0.295
1903.0 0.29375
1903.5 0.295
1904.0 0.295
1904.5 401.96125
1905.0 0.99875
1905.5 0.44125
1906.0 0.35
1906.5 0.30375
1907.0 0.3
1907.5 0.3
1908.0 0.30875
1908.5 0.54875
1909.0 0.40875
1909.5 0.30875
1910.0 0.30875
1910.5 0.30625
1911.0 0.30625
1911.5 0.3075
1912.0 0.3175
1912.5 0.56875
1913.0 0.4225
1913.5 0.30375
1914.0 0.30375
1914.5 0.30375
1915.0 0.30375
1915.5 0.30375
1916.0 0.30625
1916.5 0.53625
1917.0 0.41875
1917.5 0.29875
1918.0 0.29875
1918.5 0.295
1919.0 0.29875
1919.5 0.29625
1920.0 0.29875
1920.5 0.56375
1921.0 0.40875
1921.5 0.29875
1922.0 0.29875
1922.5 0.29625
1923.0 0.29875
1923.5 0.29625
1924.0 0.29875
1924.5 0.54875
1925.0 0.41625
1925.5 0.29625
1926.0 0.29875
1926.5 0.29625
1927.0 0.29875
1927.5 0.29625
1928.0 0.29875
1928.5 0.55875
1929.0 0.4125
1929.5 0.29875
1930.0 0.29875
1930.5 0.29625
1931.0 0.29625
1931.5 0.29625
1932.0 0.29875
1932.5 0.5475
1933.0 0.415
1933.5 0.29875
1934.0 0.29625
1934.5 0.29625
1935.0 0.29875
1935.5 0.29625
1936.0 0.29875
1936.5 0.56125
1937.0 0.40375
1937.5 0.29625
1938.0 0.29625
1938.5 0.29625
1939.0 0.29875
1939.5 0.29625
1940.0 0.29875
1940.5 0.46
1941.0 0.29875
1941.5 0.29625
1942.0 0.29625
1942.5 0.29625
1943.0 0.29625
1943.5 0.29625
1944.0 0.29875
1944.5 0.45125
1945.0 0.29875
1945.5 0.29625
1946.0 0.29625
1946.5 0.295
1947.0 0.29625
1947.5 0.295
1948.0 0.29625
1948.5 0.4425
1949.0 0.29625
1949.5 0.29625
1950.0 0.29625
1950.5 0.295
1951.0 0.29625
1951.5 0.29625
1952.0 0.295
1952.5 0.43875
1953.0 0.29625
1953.5 0.29625
1954.0 0.29625
1954.5 0.29625
1955.0 0.29625
1955.5 0.29625
1956.0 0.29625
1956.5 0.44125
1957.0 0.29625
1957.5 0.295
1958.0 0.29625
1958.5 0.29625
1959.0 0.29625
1959.5 0.29625
1960.0 0.29875
1960.5 0.44375
1961.0 0.29625
1961.5 0.29625
1962.0 0.29625
1962.5 0.29375
1963.0 0.29375
1963.5 0.29625
1964.0 0.29625
1964.5 0.43625
1965.0 0.29625
1965.5 0.295
1966.0 0.29625
1966.5 0.295
1967.0 0.295
1967.5 0.295
1968.0 0.295
1968.5 0.4375
1969.0 0.295
1969.5 0.295
1970.0 0.29625
1970.5 0.29625
1971.0 0.29625
1971.5 0.295
1972.0 0.29625
1972.5 0.43125
1973.0 0.29625
1973.5 0.295
1974.0 0.295
1974.5 0.295
1975.0 0.295
1975.5 0.295
1976.0 0.29375
1976.5 0.4275
1977.0 0.295
1977.5 0.295
1978.0 0.295
1978.5 0.295
1979.0 0.29375
1979.5 0.2925
1980.0 0.2925
1980.5 0.43375
1981.0 0.295
1981.5 0.295
1982.0 0.295
1982.5 0.295
1983.0 0.295
1983.5 0.295
1984.0 0.295
1984.5 0.43625
1985.0 0.29625
1985.5 0.295
1986.0 0.295
1986.5 0.295
1987.0 0.295
1987.5 0.295
1988.0 0.295
1988.5 0.4275
1989.0 0.295
1989.5 0.295
1990.0 0.295
1990.5 0.295
1991.0 0.295
1991.5 0.295
1992.0 0.295
1992.5 0.43375
1993.0 0.29375
1993.5 0.295
1994.0 0.295
1994.5 0.295
1995.0 0.295
1995.5 0.29375
1996.0 0.295
1996.5 0.43375
1997.0 0.295
1997.5 0.295
1998.0 0.295
1998.5 0.295
1999.0 0.295
1999.5 0.295
2000.0 0.295
2000.5 0.43125
2001.0 0.295
2001.5 0.295
2002.0 0.295
2002.5 0.295
2003.0 0.295
2003.5 0.29625
2004.0 0.29625
2004.5 0.43
2005.0 0.29375
2005.5 0.295
2006.0 0.295
2006.5 0.295
2007.0 0.295
2007.5 0.295
2008.0 0.29625
2008.5 0.43125
2009.0 0.295
2009.5 0.295
2010.0 0.29625
2010.5 0.295
2011.0 0.295
2011.5 0.295
2012.0 0.295
2012.5 0.435
2013.0 0.29625
2013.5 0.295
2014.0 0.295
2014.5 0.295
2015.0 0.29625
2015.5 0.295
2016.0 0.295
2016.5 0.43625
2017.0 0.29625
2017.5 0.295
2018.0 0.29375
2018.5 0.295
2019.0 0.295
2019.5 0.29375
2020.0 0.295
2020.5 0.43125
2021.0 0.29625
2021.5 0.29375
2022.0 0.295
2022.5 0.29375
2023.0 0.295
2023.5 0.295
2024.0 0.2925
2024.5 0.4275
2025.0 0.29625
2025.5 0.295
2026.0 0.29375
2026.5 0.295
2027.0 0.29375
2027.5 0.295
2028.0 0.295
2028.5 0.43
2029.0 0.295
2029.5 0.2925
2030.0 0.295
2030.5 0.29375
2031.0 0.29375
2031.5 0.295
2032.0 0.29375
2032.5 407.64375
2033.0 0.9975
2033.5 0.43125
2034.0 0.32875
2034.5 0.29625
2035.0 0.29875
2035.5 0.29625
2036.0 0.3075
2036.5 0.53875
2037.0 0.40625
2037.5 0.3075
2038.0 0.3075
2038.5 0.30375
2039.0 0.30375
2039.5 0.3025
2040.0 0.315
2040.5 0.58875
2041.0 0.40875
2041.5 0.29875
2042.0 0.29875
2042.5 0.29625
2043.0 0.29625
2043.5 0.295
2044.0 0.29875
2044.5 0.52375
2045.0 0.39125
2045.5 0.29875
2046.0 0.29875
2046.5 0.295
2047.0 0.29875
2047.5 0.295
2048.0 0.31375
