1 846192
2 9849
3 8649
4 9990
5 10002
6 9687
7 9231
8 7590
9 194979
10 9882
11 9861
12 11973
13 11361
14 10854
15 9855
16 8844
17 10152
18 9528
19 10071
20 14202
21 10872
22 10227
23 10095
24 14574
25 10212
26 10644
27 14490
28 7710
29 10524
30 10614
31 10551
32 9846
33 304758
34 10395
35 10452
36 14106
37 13557
38 10884
39 14562
40 7473
41 14982
42 10086
43 9198
44 9315
45 10914
46 10623
47 9879
48 9990
49 10413
50 10956
51 13338
52 5868
53 5694
54 5658
55 5307
56 5646
57 6006
58 5652
59 5646
60 4956
61 5658
62 5223
63 4989
64 5247
65 6060
66 4176
67 3642
68 3600
69 3603
70 3375
71 3363
72 3363
73 3846
74 3390
75 3579
76 3411
77 3366
78 3402
79 3360
80 3348
81 3633
82 3417
83 3369
84 3369
85 3378
86 3360
87 3363
88 3360
89 3735
90 3408
91 3384
92 3381
93 3375
94 3354
95 3366
96 3354
97 303171
98 5904
99 3405
100 3402
101 3402
102 3357
103 3366
104 3366
105 3576
106 3405
107 3441
108 3366
109 3372
110 3366
111 3366
112 3366
113 3681
114 3441
115 3378
116 3372
117 3372
118 3396
119 3366
120 3354
121 3630
122 3429
123 3381
124 3372
125 3372
126 3366
127 3366
128 3354
129 3603
130 3393
131 3402
132 3393
133 3378
134 3366
135 3363
136 3354
137 3579
138 3447
139 3417
140 3381
141 3363
142 3363
143 3366
144 3354
145 3690
146 3402
147 3387
148 3378
149 3372
150 3366
151 3360
152 3354
153 3633
154 3384
155 3387
156 3369
157 3366
158 3369
159 3357
160 3354
161 3609
162 3450
163 3405
164 3372
165 3387
166 3363
167 3363
168 3354
169 3690
170 3426
171 3429
172 3366
173 3375
174 3360
175 3360
176 3357
177 3486
178 3450
179 3387
180 3360
181 3357
182 3417
183 3363
184 3357
185 3897
186 3456
187 3369
188 3483
189 3432
190 3417
191 3366
192 3354
193 3666
194 3381
195 3417
196 3393
197 3378
198 3357
199 3363
200 3357
201 3618
202 3393
203 3372
204 3366
205 3366
206 3354
207 3366
208 3357
209 3648
210 3387
211 3411
212 3366
213 3396
214 3366
215 3363
216 3357
217 3825
218 3378
219 3414
220 3366
221 3369
222 3354
223 3363
224 3357
225 299481
226 5850
227 3468
228 3438
229 3420
230 3399
231 3363
232 3408
233 3606
234 3435
235 3390
236 3411
237 3402
238 3357
239 3369
240 3369
241 3582
242 3414
243 3420
244 3408
245 3384
246 3357
247 3384
248 3357
249 3594
250 3417
251 3399
252 3381
253 3402
254 3390
255 3372
256 3369
257 3618
258 3402
259 3402
260 3381
261 3399
262 3360
263 3399
264 3369
265 3573
266 3396
267 3393
268 3384
269 3381
270 3357
271 3369
272 3357
273 3531
274 3429
275 3384
276 3384
277 3366
278 3357
279 3369
280 3369
281 3558
282 3414
283 3387
284 3384
285 3384
286 3357
287 3369
288 3357
289 3600
290 3405
291 3393
292 3393
293 3396
294 3366
295 3372
296 3369
297 3585
298 3372
299 3369
300 3369
301 3363
302 3357
303 3369
304 3369
305 3567
306 3399
307 3369
308 3369
309 3369
310 3363
311 3369
312 3369
313 3561
314 3402
315 3396
316 3402
317 3405
318 3390
319 3381
320 3375
321 3561
322 3402
323 3369
324 3366
325 3372
326 3357
327 3369
328 3369
329 3621
330 3369
331 3357
332 3366
333 3369
334 3357
335 3369
336 3369
337 3576
338 3393
339 3372
340 3369
341 3378
342 3360
343 3369
344 3369
345 3579
346 3384
347 3396
348 3372
349 3393
350 3360
351 3369
352 3381
353 3585
354 3381
355 3369
356 3372
357 3369
358 3363
359 3369
360 3369
361 3579
362 3381
363 3372
364 3369
365 3390
366 3357
367 3369
368 3366
369 3552
370 3405
371 3375
372 3369
373 3369
374 3357
375 3369
376 3369
377 3555
378 3372
379 3369
380 3372
381 3369
382 3363
383 3369
384 3369
385 3558
386 3375
387 3375
388 3372
389 3372
390 3378
391 3369
392 3369
393 3492
394 3384
395 3369
396 3369
397 3372
398 3357
399 3369
400 3369
401 3537
402 3408
403 3372
404 3369
405 3396
406 3360
407 3369
408 3372
409 3636
410 3372
411 3384
412 3369
413 3384
414 3402
415 3369
416 3369
417 3585
418 3393
419 3375
420 3393
421 3369
422 3366
423 3369
424 3375
425 3507
426 3390
427 3405
428 3372
429 3387
430 3381
431 3381
432 3363
433 3621
434 3408
435 3369
436 3402
437 3402
438 3390
439 3375
440 3375
441 3600
442 3396
443 3393
444 3402
445 3393
446 3393
447 3381
448 3381
449 3564
450 3402
451 3372
452 3378
453 3384
454 3369
455 3372
456 3381
457 3663
458 3393
459 3396
460 3393
461 3393
462 3390
463 3384
464 3378
465 3510
466 3393
467 3393
468 3390
469 3393
470 3390
471 3384
472 3387
473 3528
474 3396
475 3393
476 3393
477 3378
478 3360
479 3381
480 3381
481 281664
482 5925
483 3432
484 3402
485 3399
486 3387
487 3381
488 3411
489 3600
490 3420
491 3420
492 3408
493 3399
494 3387
495 3372
496 3372
497 3537
498 3417
499 3402
500 3402
501 3396
502 3390
503 3372
504 3366
505 3579
506 3381
507 3393
508 3387
509 3369
510 3363
511 3369
512 3369
513 3516
514 3390
515 3375
516 3384
517 3363
518 3363
519 3363
520 3357
521 3549
522 3390
523 3369
524 3366
525 3366
526 3357
527 3366
528 3366
529 3558
530 3396
531 3384
532 3378
533 3363
534 3369
535 3366
536 3354
537 3540
538 3375
539 3372
540 3366
541 3372
542 3363
543 3366
544 3360
545 3495
546 3375
547 3369
548 3369
549 3366
550 3363
551 3369
552 3369
553 3492
554 3381
555 3366
556 3363
557 3366
558 3360
559 3366
560 3357
561 3501
562 3387
563 3366
564 3369
565 3366
566 3354
567 3366
568 3366
569 3537
570 3381
571 3369
572 3366
573 3366
574 3357
575 3366
576 3360
577 3600
578 3390
579 3372
580 3369
581 3366
582 3357
583 3366
584 3357
585 3549
586 3366
587 3372
588 3357
589 3369
590 3366
591 3366
592 3354
593 3531
594 3360
595 3369
596 3357
597 3366
598 3357
599 3366
600 3366
601 3534
602 3381
603 3366
604 3366
605 3363
606 3375
607 3366
608 3354
609 3510
610 3366
611 3378
612 3363
613 3360
614 3360
615 3369
616 3366
617 3561
618 3369
619 3381
620 3363
621 3366
622 3360
623 3369
624 3369
625 3510
626 3372
627 3369
628 3369
629 3369
630 3369
631 3372
632 3369
633 3540
634 3372
635 3369
636 3363
637 3360
638 3363
639 3369
640 3357
641 3513
642 3384
643 3381
644 3369
645 3369
646 3372
647 3366
648 3363
649 3561
650 3369
651 3369
652 3369
653 3369
654 3369
655 3369
656 3366
657 3588
658 3372
659 3369
660 3366
661 3372
662 3372
663 3369
664 3360
665 3495
666 3405
667 3366
668 3363
669 3366
670 3369
671 3369
672 3366
673 3510
674 3411
675 3369
676 3375
677 3369
678 3369
679 3369
680 3369
681 3549
682 3372
683 3369
684 3396
685 3366
686 3360
687 3369
688 3369
689 3546
690 3393
691 3375
692 3363
693 3360
694 3387
695 3366
696 3369
697 3501
698 3393
699 3360
700 3366
701 3366
702 3357
703 3366
704 3375
705 3555
706 3387
707 3363
708 3363
709 3360
710 3357
711 3366
712 3372
713 3528
714 3381
715 3384
716 3363
717 3372
718 3357
719 3366
720 3369
721 3510
722 3387
723 3369
724 3375
725 3366
726 3357
727 3366
728 3369
729 3534
730 3372
731 3372
732 3384
733 3363
734 3357
735 3366
736 3360
737 281238
738 5928
739 3405
740 3390
741 3393
742 3387
743 3372
744 3381
745 3546
746 3408
747 3375
748 3381
749 3369
750 3366
751 3366
752 3375
753 3600
754 3411
755 3390
756 3402
757 3378
758 3369
759 3372
760 3363
761 3552
762 3402
763 3399
764 3378
765 3369
766 3366
767 3369
768 3366
769 3543
770 3408
771 3387
772 3381
773 3375
774 3363
775 3369
776 3369
777 3561
778 3417
779 3402
780 3381
781 3366
782 3366
783 3369
784 3375
785 3597
786 3414
787 3405
788 3396
789 3390
790 3387
791 3378
792 3372
793 3579
794 3387
795 3399
796 3387
797 3375
798 3393
799 3393
800 3393
801 3540
802 3399
803 3372
804 3372
805 3402
806 3363
807 3369
808 3369
809 3576
810 3372
811 3369
812 3387
813 3375
814 3369
815 3372
816 3372
817 3549
818 3393
819 3372
820 3360
821 3363
822 3381
823 3366
824 3363
825 3570
826 3369
827 3360
828 3366
829 3372
830 3366
831 3369
832 3369
833 3561
834 3378
835 3363
836 3375
837 3366
838 3366
839 3366
840 3369
841 3564
842 3369
843 3363
844 3363
845 3363
846 3375
847 3369
848 3357
849 3582
850 3402
851 3366
852 3375
853 3381
854 3360
855 3363
856 3360
857 3513
858 3378
859 3372
860 3363
861 3363
862 3363
863 3360
864 3369
865 3567
866 3369
867 3378
868 3375
869 3369
870 3372
871 3366
872 3369
873 3501
874 3393
875 3375
876 3369
877 3378
878 3372
879 3369
880 3369
881 3567
882 3393
883 3378
884 3387
885 3384
886 3372
887 3360
888 3375
889 3573
890 3390
891 3381
892 3372
893 3363
894 3378
895 3363
896 3378
897 3561
898 3393
899 3384
900 3378
901 3372
902 3375
903 3369
904 3357
905 3555
906 3369
907 3381
908 3390
909 3369
910 3360
911 3378
912 3366
913 3492
914 3378
915 3369
916 3369
917 3387
918 3357
919 3369
920 3369
921 3552
922 3381
923 3387
924 3375
925 3381
926 3357
927 3369
928 3363
929 3564
930 3387
931 3378
932 3372
933 3369
934 3375
935 3372
936 3357
937 3612
938 3369
939 3375
940 3369
941 3369
942 3363
943 3369
944 3363
945 3579
946 3396
947 3381
948 3372
949 3369
950 3363
951 3369
952 3369
953 3573
954 3372
955 3369
956 3369
957 3375
958 3369
959 3366
960 3369
961 3573
962 3375
963 3390
964 3369
965 3369
966 3360
967 3369
968 3369
969 3591
970 3399
971 3369
972 3360
973 3366
974 3363
975 3369
976 3366
977 3636
978 3360
979 3363
980 3393
981 3381
982 3354
983 3366
984 3369
985 3489
986 3396
987 3387
988 3375
989 3369
990 3372
991 3366
992 3354
993 287067
994 5934
995 3426
996 3402
997 3396
998 3399
999 3384
1000 3408
1001 3615
1002 3402
1003 3405
1004 3387
1005 3396
1006 3378
1007 3384
1008 3384
1009 3573
1010 3387
1011 3372
1012 3375
1013 3372
1014 3357
1015 3366
1016 3369
1017 3558
1018 3408
1019 3384
1020 3381
1021 3366
1022 3369
1023 3366
1024 3366
1025 3606
1026 3411
1027 3375
1028 3366
1029 3369
1030 3366
1031 3369
1032 3357
1033 3552
1034 3399
1035 3372
1036 3369
1037 3366
1038 3363
1039 3366
1040 3360
1041 3561
1042 3381
1043 3372
1044 3369
1045 3369
1046 3390
1047 3369
1048 3372
1049 3543
1050 3402
1051 3378
1052 3384
1053 3384
1054 3363
1055 3369
1056 3369
1057 3582
1058 3387
1059 3378
1060 3372
1061 3378
1062 3366
1063 3369
1064 3366
1065 3552
1066 3387
1067 3381
1068 3375
1069 3375
1070 3366
1071 3369
1072 3366
1073 3570
1074 3381
1075 3372
1076 3366
1077 3369
1078 3360
1079 3369
1080 3357
1081 3537
1082 3399
1083 3384
1084 3363
1085 3369
1086 3369
1087 3369
1088 3366
1089 3513
1090 3372
1091 3393
1092 3363
1093 3363
1094 3363
1095 3366
1096 3366
1097 3597
1098 3372
1099 3357
1100 3372
1101 3366
1102 3363
1103 3366
1104 3369
1105 3522
1106 3381
1107 3375
1108 3381
1109 3372
1110 3360
1111 3366
1112 3366
1113 3543
1114 3375
1115 3363
1116 3357
1117 3363
1118 3357
1119 3363
1120 3366
1121 3576
1122 3369
1123 3363
1124 3363
1125 3357
1126 3363
1127 3366
1128 3357
1129 3585
1130 3378
1131 3372
1132 3360
1133 3366
1134 3360
1135 3366
1136 3357
1137 3555
1138 3381
1139 3390
1140 3366
1141 3366
1142 3357
1143 3366
1144 3366
1145 3591
1146 3366
1147 3360
1148 3363
1149 3366
1150 3366
1151 3366
1152 3354
1153 3612
1154 3378
1155 3399
1156 3378
1157 3375
1158 3378
1159 3363
1160 3354
1161 3525
1162 3396
1163 3399
1164 3363
1165 3363
1166 3390
1167 3366
1168 3369
1169 3564
1170 3405
1171 3378
1172 3387
1173 3363
1174 3366
1175 3366
1176 3369
1177 3582
1178 3393
1179 3360
1180 3363
1181 3363
1182 3363
1183 3366
1184 3366
1185 3567
1186 3375
1187 3399
1188 3375
1189 3363
1190 3372
1191 3369
1192 3369
1193 3558
1194 3396
1195 3363
1196 3360
1197 3360
1198 3369
1199 3369
1200 3369
1201 3543
1202 3363
1203 3387
1204 3366
1205 3363
1206 3366
1207 3366
1208 3366
1209 3582
1210 3393
1211 3363
1212 3372
1213 3366
1214 3363
1215 3366
1216 3366
1217 3594
1218 3396
1219 3369
1220 3396
1221 3378
1222 3363
1223 3366
1224 3357
1225 3537
1226 3363
1227 3384
1228 3366
1229 3369
1230 3369
1231 3375
1232 3357
1233 3591
1234 3408
1235 3381
1236 3372
1237 3363
1238 3363
1239 3369
1240 3357
1241 3591
1242 3360
1243 3372
1244 3363
1245 3360
1246 3366
1247 3366
1248 3369
1249 283287
1250 5844
1251 3405
1252 3417
1253 3411
1254 3366
1255 3381
1256 3381
1257 3570
1258 3411
1259 3393
1260 3372
1261 3369
1262 3393
1263 3363
1264 3369
1265 3558
1266 3381
1267 3372
1268 3366
1269 3369
1270 3363
1271 3363
1272 3363
1273 3588
1274 3417
1275 3387
1276 3372
1277 3372
1278 3369
1279 3369
1280 3372
1281 3564
1282 3375
1283 3390
1284 3366
1285 3366
1286 3357
1287 3363
1288 3363
1289 3582
1290 3375
1291 3405
1292 3366
1293 3369
1294 3363
1295 3366
1296 3366
1297 3561
1298 3369
1299 3369
1300 3360
1301 3366
1302 3360
1303 3369
1304 3366
1305 3591
1306 3363
1307 3384
1308 3363
1309 3360
1310 3363
1311 3366
1312 3357
1313 3606
1314 3369
1315 3408
1316 3366
1317 3375
1318 3363
1319 3369
1320 3363
1321 3606
1322 3369
1323 3363
1324 3366
1325 3372
1326 3363
1327 3369
1328 3375
1329 3582
1330 3396
1331 3372
1332 3363
1333 3366
1334 3357
1335 3366
1336 3357
1337 3594
1338 3375
1339 3396
1340 3369
1341 3372
1342 3363
1343 3375
1344 3372
1345 3534
1346 3375
1347 3369
1348 3366
1349 3366
1350 3357
1351 3366
1352 3366
1353 3579
1354 3372
1355 3396
1356 3393
1357 3369
1358 3360
1359 3366
1360 3366
1361 3570
1362 3363
1363 3357
1364 3357
1365 3357
1366 3363
1367 3366
1368 3363
1369 3573
1370 3357
1371 3357
1372 3369
1373 3369
1374 3360
1375 3354
1376 3357
1377 3597
1378 3402
1379 3375
1380 3375
1381 3375
1382 3363
1383 3369
1384 3357
1385 3519
1386 3381
1387 3387
1388 3363
1389 3363
1390 3360
1391 3366
1392 3366
1393 3567
1394 3354
1395 3357
1396 3357
1397 3384
1398 3360
1399 3366
1400 3363
1401 3570
1402 3357
1403 3357
1404 3357
1405 3369
1406 3363
1407 3366
1408 3360
1409 3603
1410 3390
1411 3387
1412 3366
1413 3360
1414 3366
1415 3369
1416 3375
1417 3555
1418 3402
1419 3366
1420 3366
1421 3366
1422 3375
1423 3369
1424 3369
1425 3570
1426 3360
1427 3363
1428 3360
1429 3360
1430 3363
1431 3369
1432 3375
1433 3606
1434 3393
1435 3390
1436 3363
1437 3363
1438 3369
1439 3369
1440 3366
1441 3597
1442 3363
1443 3363
1444 3360
1445 3372
1446 3366
1447 3369
1448 3369
1449 3546
1450 3363
1451 3366
1452 3357
1453 3360
1454 3360
1455 3369
1456 3366
1457 3561
1458 3366
1459 3360
1460 3357
1461 3363
1462 3393
1463 3369
1464 3366
1465 3579
1466 3366
1467 3363
1468 3363
1469 3363
1470 3369
1471 3369
1472 3366
1473 3597
1474 3366
1475 3375
1476 3363
1477 3360
1478 3363
1479 3369
1480 3369
1481 3585
1482 3366
1483 3372
1484 3369
1485 3366
1486 3363
1487 3369
1488 3369
1489 3588
1490 3369
1491 3363
1492 3363
1493 3366
1494 3360
1495 3357
1496 3375
1497 3537
1498 3393
1499 3363
1500 3360
1501 3360
1502 3363
1503 3369
1504 3369
1505 268356
1506 5988
1507 3411
1508 3411
1509 3366
1510 3366
1511 3372
1512 3399
1513 3615
1514 3393
1515 3369
1516 3393
1517 3366
1518 3369
1519 3366
1520 3372
1521 3600
1522 3408
1523 3387
1524 3369
1525 3369
1526 3366
1527 3366
1528 3357
1529 3609
1530 3417
1531 3384
1532 3390
1533 3372
1534 3366
1535 3366
1536 3366
1537 3591
1538 3420
1539 3375
1540 3375
1541 3372
1542 3366
1543 3372
1544 3381
1545 3591
1546 3387
1547 3375
1548 3402
1549 3369
1550 3357
1551 3366
1552 3366
1553 3552
1554 3414
1555 3381
1556 3369
1557 3366
1558 3366
1559 3366
1560 3390
1561 3573
1562 3399
1563 3393
1564 3369
1565 3375
1566 3363
1567 3366
1568 3366
1569 3573
1570 3390
1571 3372
1572 3366
1573 3375
1574 3366
1575 3366
1576 3393
1577 3561
1578 3381
1579 3408
1580 3384
1581 3366
1582 3360
1583 3369
1584 3357
1585 3567
1586 3375
1587 3372
1588 3375
1589 3369
1590 3378
1591 3366
1592 3387
1593 3543
1594 3390
1595 3372
1596 3375
1597 3366
1598 3357
1599 3366
1600 3366
1601 3564
1602 3378
1603 3405
1604 3366
1605 3366
1606 3369
1607 3366
1608 3405
1609 3498
1610 3402
1611 3375
1612 3366
1613 3381
1614 3357
1615 3366
1616 3366
1617 3555
1618 3375
1619 3363
1620 3372
1621 3402
1622 3375
1623 3372
1624 3393
1625 3543
1626 3375
1627 3372
1628 3363
1629 3369
1630 3366
1631 3366
1632 3372
1633 3588
1634 3357
1635 3372
1636 3363
1637 3366
1638 3363
1639 3369
1640 3387
1641 3579
1642 3384
1643 3390
1644 3360
1645 3387
1646 3366
1647 3366
1648 3357
1649 3489
1650 3354
1651 3363
1652 3396
1653 3366
1654 3363
1655 3369
1656 3393
1657 3567
1658 3369
1659 3390
1660 3363
1661 3366
1662 3375
1663 3366
1664 3357
1665 3579
1666 3408
1667 3369
1668 3393
1669 3366
1670 3366
1671 3366
1672 3402
1673 3576
1674 3396
1675 3393
1676 3393
1677 3396
1678 3378
1679 3390
1680 3387
1681 3579
1682 3372
1683 3393
1684 3366
1685 3378
1686 3390
1687 3372
1688 3399
1689 3579
1690 3393
1691 3399
1692 3393
1693 3399
1694 3363
1695 3369
1696 3369
1697 3660
1698 3396
1699 3399
1700 3393
1701 3363
1702 3366
1703 3369
1704 3390
1705 3561
1706 3384
1707 3393
1708 3387
1709 3372
1710 3384
1711 3366
1712 3369
1713 3588
1714 3363
1715 3378
1716 3384
1717 3363
1718 3396
1719 3369
1720 3396
1721 3639
1722 3393
1723 3390
1724 3390
1725 3390
1726 3393
1727 3393
1728 3393
1729 3618
1730 3396
1731 3393
1732 3390
1733 3384
1734 3390
1735 3393
1736 3402
1737 3600
1738 3396
1739 3393
1740 3390
1741 3387
1742 3387
1743 3393
1744 3387
1745 3582
1746 3384
1747 3384
1748 3384
1749 3396
1750 3390
1751 3396
1752 3402
1753 3609
1754 3378
1755 3375
1756 3366
1757 3366
1758 3363
1759 3381
1760 3369
1761 265704
1762 5889
1763 3417
1764 3417
1765 3402
1766 3381
1767 3369
1768 3414
1769 3627
1770 3414
1771 3402
1772 3366
1773 3396
1774 3384
1775 3366
1776 3369
1777 3552
1778 3417
1779 3444
1780 3405
1781 3372
1782 3381
1783 3369
1784 3357
1785 3582
1786 3402
1787 3411
1788 3402
1789 3369
1790 3363
1791 3369
1792 3369
1793 3546
1794 3396
1795 3402
1796 3399
1797 3393
1798 3396
1799 3375
1800 3375
1801 3537
1802 3402
1803 3375
1804 3375
1805 3405
1806 3363
1807 3369
1808 3369
1809 3585
1810 3396
1811 3417
1812 3405
1813 3402
1814 3381
1815 3369
1816 3369
1817 3513
1818 3393
1819 3393
1820 3402
1821 3369
1822 3363
1823 3369
1824 3369
1825 3573
1826 3390
1827 3408
1828 3399
1829 3393
1830 3375
1831 3369
1832 3369
1833 3588
1834 3390
1835 3363
1836 3381
1837 3381
1838 3378
1839 3375
1840 3369
1841 3588
1842 3360
1843 3390
1844 3378
1845 3366
1846 3384
1847 3372
1848 3369
1849 3585
1850 3366
1851 3387
1852 3387
1853 3372
1854 3363
1855 3381
1856 3369
1857 3555
1858 3360
1859 3402
1860 3384
1861 3384
1862 3372
1863 3378
1864 3369
1865 3603
1866 3396
1867 3366
1868 3381
1869 3366
1870 3363
1871 3369
1872 3369
1873 3606
1874 3369
1875 3393
1876 3393
1877 3378
1878 3372
1879 3375
1880 3372
1881 3558
1882 3369
1883 3387
1884 3375
1885 3384
1886 3363
1887 3369
1888 3372
1889 3546
1890 3384
1891 3396
1892 3393
1893 3390
1894 3393
1895 3384
1896 3393
1897 3510
1898 3393
1899 3402
1900 3363
1901 3363
1902 3366
1903 3369
1904 3372
1905 3612
1906 3360
1907 3378
1908 3387
1909 3363
1910 3372
1911 3372
1912 3381
1913 3495
1914 3363
1915 3381
1916 3363
1917 3372
1918 3387
1919 3369
1920 3369
1921 3564
1922 3396
1923 3393
1924 3372
1925 3393
1926 3390
1927 3393
1928 3384
1929 3582
1930 3399
1931 3405
1932 3366
1933 3381
1934 3381
1935 3369
1936 3369
1937 3564
1938 3393
1939 3393
1940 3360
1941 3402
1942 3366
1943 3363
1944 3372
1945 3606
1946 3372
1947 3387
1948 3366
1949 3393
1950 3381
1951 3369
1952 3375
1953 3603
1954 3372
1955 3390
1956 3372
1957 3390
1958 3372
1959 3387
1960 3381
1961 3600
1962 3399
1963 3381
1964 3363
1965 3393
1966 3396
1967 3369
1968 3357
1969 3549
1970 3366
1971 3393
1972 3363
1973 3381
1974 3390
1975 3372
1976 3366
1977 3585
1978 3363
1979 3363
1980 3393
1981 3375
1982 3363
1983 3369
1984 3369
1985 3576
1986 3402
1987 3396
1988 3363
1989 3372
1990 3393
1991 3363
1992 3369
1993 3558
1994 3399
1995 3360
1996 3393
1997 3366
1998 3372
1999 3369
2000 3369
2001 3540
2002 3390
2003 3393
2004 3363
2005 3363
2006 3363
2007 3369
2008 3369
2009 3534
2010 3384
2011 3381
2012 3363
2013 3360
2014 3384
2015 3372
2016 3369
2017 272268
2018 5901
2019 3456
2020 3405
2021 3402
2022 3357
2023 3387
2024 3375
2025 3564
2026 3417
2027 3414
2028 3396
2029 3384
2030 3363
2031 3366
2032 3372
2033 3606
2034 3381
2035 3405
2036 3381
2037 3372
2038 3366
2039 3369
2040 3357
2041 3558
2042 3390
2043 3402
2044 3402
2045 3369
2046 3393
2047 3369
2048 3372
2049 3663
2050 3411
2051 3402
2052 3402
2053 3372
2054 3381
2055 3375
2056 3372
2057 3576
2058 3393
2059 3402
2060 3375
2061 3372
2062 3393
2063 3378
2064 3372
2065 3552
2066 3396
2067 3405
2068 3399
2069 3399
2070 3369
2071 3369
2072 3372
2073 3555
2074 3408
2075 3408
2076 3384
2077 3378
2078 3375
2079 3369
2080 3369
2081 3531
2082 3411
2083 3396
2084 3396
2085 3369
2086 3393
2087 3375
2088 3369
2089 3540
2090 3393
2091 3387
2092 3393
2093 3384
2094 3366
2095 3378
2096 3375
2097 3558
2098 3390
2099 3405
2100 3390
2101 3402
2102 3390
2103 3375
2104 3375
2105 3570
2106 3414
2107 3408
2108 3387
2109 3384
2110 3375
2111 3378
2112 3369
2113 3546
2114 3411
2115 3405
2116 3393
2117 3390
2118 3363
2119 3378
2120 3372
2121 3588
2122 3390
2123 3393
2124 3393
2125 3381
2126 3390
2127 3384
2128 3387
2129 3573
2130 3408
2131 3360
2132 3396
2133 3393
2134 3375
2135 3363
2136 3390
2137 3600
2138 3396
2139 3393
2140 3393
2141 3393
2142 3393
2143 3357
2144 3369
2145 3543
2146 3402
2147 3390
2148 3390
2149 3387
2150 3372
2151 3381
2152 3381
2153 3567
2154 3366
2155 3408
2156 3381
2157 3378
2158 3393
2159 3363
2160 3369
2161 3588
2162 3366
2163 3405
2164 3393
2165 3378
2166 3372
2167 3375
2168 3381
2169 3531
2170 3402
2171 3363
2172 3393
2173 3393
2174 3387
2175 3369
2176 3381
2177 3576
2178 3366
2179 3366
2180 3378
2181 3369
2182 3381
2183 3363
2184 3375
2185 3576
2186 3402
2187 3384
2188 3399
2189 3408
2190 3375
2191 3384
2192 3381
2193 3561
2194 3405
2195 3375
2196 3405
2197 3402
2198 3402
2199 3384
2200 3399
2201 3531
2202 3396
2203 3375
2204 3372
2205 3372
2206 3372
2207 3381
2208 3384
2209 3585
2210 3372
2211 3402
2212 3390
2213 3396
2214 3390
2215 3396
2216 3393
2217 3579
2218 3408
2219 3399
2220 3402
2221 3375
2222 3387
2223 3384
2224 3378
2225 3576
2226 3390
2227 3393
2228 3390
2229 3393
2230 3378
2231 3381
2232 3381
2233 3666
2234 3402
2235 3393
2236 3405
2237 3408
2238 3402
2239 3384
2240 3381
2241 3594
2242 3375
2243 3405
2244 3396
2245 3393
2246 3375
2247 3381
2248 3390
2249 3561
2250 3393
2251 3384
2252 3408
2253 3384
2254 3378
2255 3384
2256 3390
2257 3564
2258 3405
2259 3378
2260 3396
2261 3372
2262 3390
2263 3387
2264 3369
2265 3582
2266 3393
2267 3375
2268 3408
2269 3399
2270 3372
2271 3384
2272 3375
2273 269142
2274 5835
2275 3450
2276 3423
2277 3408
2278 3387
2279 3381
2280 3408
2281 3639
2282 3420
2283 3393
2284 3396
2285 3375
2286 3357
2287 3369
2288 3369
2289 3579
2290 3402
2291 3375
2292 3369
2293 3372
2294 3363
2295 3369
2296 3381
2297 3537
2298 3411
2299 3402
2300 3384
2301 3366
2302 3372
2303 3372
2304 3369
2305 3570
2306 3378
2307 3384
2308 3375
2309 3369
2310 3363
2311 3369
2312 3366
2313 3561
2314 3393
2315 3372
2316 3369
2317 3381
2318 3363
2319 3369
2320 3375
2321 3543
2322 3390
2323 3375
2324 3384
2325 3369
2326 3360
2327 3369
2328 3369
2329 3555
2330 3381
2331 3372
2332 3369
2333 3366
2334 3363
2335 3369
2336 3378
2337 3549
2338 3384
2339 3372
2340 3372
2341 3369
2342 3357
2343 3369
2344 3369
2345 3561
2346 3390
2347 3372
2348 3366
2349 3366
2350 3357
2351 3369
2352 3369
2353 3558
2354 3369
2355 3384
2356 3363
2357 3372
2358 3363
2359 3372
2360 3369
2361 3570
2362 3363
2363 3363
2364 3363
2365 3360
2366 3363
2367 3369
2368 3381
2369 3579
2370 3390
2371 3360
2372 3363
2373 3363
2374 3363
2375 3366
2376 3372
2377 3576
2378 3375
2379 3363
2380 3363
2381 3363
2382 3363
2383 3369
2384 3372
2385 3543
2386 3366
2387 3363
2388 3363
2389 3360
2390 3363
2391 3369
2392 3369
2393 3570
2394 3372
2395 3366
2396 3363
2397 3363
2398 3363
2399 3369
2400 3369
2401 3540
2402 3381
2403 3384
2404 3372
2405 3372
2406 3384
2407 3372
2408 3381
2409 3522
2410 3375
2411 3369
2412 3369
2413 3369
2414 3369
2415 3369
2416 3381
2417 3585
2418 3387
2419 3393
2420 3369
2421 3375
2422 3369
2423 3369
2424 3378
2425 3579
2426 3375
2427 3369
2428 3369
2429 3372
2430 3369
2431 3369
2432 3378
2433 3564
2434 3396
2435 3399
2436 3375
2437 3381
2438 3369
2439 3375
2440 3375
2441 3609
2442 3393
2443 3372
2444 3381
2445 3381
2446 3360
2447 3369
2448 3369
2449 3567
2450 3360
2451 3363
2452 3363
2453 3360
2454 3363
2455 3369
2456 3378
2457 3564
2458 3363
2459 3360
2460 3384
2461 3375
2462 3366
2463 3369
2464 3372
2465 3555
2466 3384
2467 3381
2468 3378
2469 3381
2470 3369
2471 3366
2472 3375
2473 3639
2474 3393
2475 3372
2476 3381
2477 3360
2478 3363
2479 3369
2480 3357
2481 3567
2482 3393
2483 3384
2484 3381
2485 3366
2486 3363
2487 3366
2488 3369
2489 3618
2490 3381
2491 3384
2492 3384
2493 3363
2494 3372
2495 3369
2496 3369
2497 3576
2498 3369
2499 3363
2500 3381
2501 3360
2502 3390
2503 3369
2504 3369
2505 3615
2506 3378
2507 3396
2508 3384
2509 3384
2510 3372
2511 3375
2512 3381
2513 3597
2514 3405
2515 3381
2516 3405
2517 3369
2518 3372
2519 3372
2520 3369
2521 3579
2522 3402
2523 3363
2524 3393
2525 3390
2526 3375
2527 3369
2528 3369
2529 276795
2530 5919
2531 3438
2532 3435
2533 3402
2534 3387
2535 3375
2536 3417
2537 3591
2538 3411
2539 3393
2540 3399
2541 3384
2542 3378
2543 3366
2544 3375
2545 3528
2546 3411
2547 3399
2548 3381
2549 3381
2550 3354
2551 3366
2552 3354
2553 3531
2554 3381
2555 3390
2556 3384
2557 3381
2558 3354
2559 3366
2560 3357
2561 3609
2562 3396
2563 3402
2564 3381
2565 3381
2566 3366
2567 3369
2568 3354
2569 3552
2570 3390
2571 3372
2572 3390
2573 3369
2574 3360
2575 3369
2576 3366
2577 3564
2578 3390
2579 3375
2580 3369
2581 3372
2582 3366
2583 3381
2584 3393
2585 3555
2586 3393
2587 3372
2588 3390
2589 3366
2590 3363
2591 3375
2592 3369
2593 3543
2594 3396
2595 3387
2596 3384
2597 3381
2598 3369
2599 3396
2600 3381
2601 3555
2602 3396
2603 3372
2604 3369
2605 3366
2606 3363
2607 3369
2608 3369
2609 3564
2610 3381
2611 3372
2612 3390
2613 3366
2614 3363
2615 3399
2616 3372
2617 3564
2618 3387
2619 3372
2620 3390
2621 3366
2622 3360
2623 3369
2624 3369
2625 3540
2626 3375
2627 3369
2628 3369
2629 3366
2630 3363
2631 3396
2632 3393
2633 3561
2634 3381
2635 3387
2636 3363
2637 3366
2638 3363
2639 3369
2640 3369
2641 3588
2642 3402
2643 3396
2644 3399
2645 3396
2646 3393
2647 3390
2648 3396
2649 3519
2650 3387
2651 3363
2652 3360
2653 3396
2654 3360
2655 3369
2656 3369
2657 3519
2658 3393
2659 3390
2660 3363
2661 3363
2662 3393
2663 3396
2664 3369
2665 3579
2666 3393
2667 3393
2668 3363
2669 3381
2670 3366
2671 3369
2672 3369
2673 3576
2674 3363
2675 3363
2676 3360
2677 3363
2678 3363
2679 3402
2680 3369
2681 3543
2682 3369
2683 3387
2684 3363
2685 3366
2686 3363
2687 3366
2688 3369
2689 3627
2690 3402
2691 3387
2692 3384
2693 3387
2694 3369
2695 3387
2696 3369
2697 3666
2698 3387
2699 3405
2700 3402
2701 3399
2702 3396
2703 3384
2704 3384
2705 3558
2706 3411
2707 3399
2708 3381
2709 3411
2710 3384
2711 3375
2712 3375
2713 3627
2714 3405
2715 3384
2716 3381
2717 3402
2718 3378
2719 3381
2720 3375
2721 3561
2722 3408
2723 3381
2724 3402
2725 3393
2726 3390
2727 3375
2728 3375
2729 3588
2730 3414
2731 3384
2732 3390
2733 3408
2734 3393
2735 3381
2736 3375
2737 3579
2738 3384
2739 3378
2740 3414
2741 3384
2742 3405
2743 3381
2744 3375
2745 3576
2746 3390
2747 3399
2748 3402
2749 3405
2750 3390
2751 3387
2752 3387
2753 3618
2754 3426
2755 3417
2756 3417
2757 3408
2758 3390
2759 3387
2760 3387
2761 3618
2762 3420
2763 3405
2764 3411
2765 3402
2766 3390
2767 3384
2768 3381
2769 3576
2770 3402
2771 3405
2772 3396
2773 3405
2774 3390
2775 3381
2776 3390
2777 3657
2778 3405
2779 3405
2780 3402
2781 3408
2782 3390
2783 3375
2784 3369
2785 270876
2786 5904
2787 3411
2788 3435
2789 3420
2790 3393
2791 3369
2792 3408
2793 3645
2794 3414
2795 3405
2796 3390
2797 3393
2798 3375
2799 3381
2800 3381
2801 3540
2802 3420
2803 3420
2804 3402
2805 3399
2806 3378
2807 3384
2808 3366
2809 3552
2810 3387
2811 3408
2812 3390
2813 3375
2814 3381
2815 3378
2816 3375
2817 3531
2818 3390
2819 3402
2820 3396
2821 3402
2822 3390
2823 3387
2824 3384
2825 3525
2826 3411
2827 3411
2828 3375
2829 3375
2830 3369
2831 3381
2832 3390
2833 3561
2834 3393
2835 3405
2836 3396
2837 3393
2838 3381
2839 3378
2840 3387
2841 3561
2842 3396
2843 3405
2844 3381
2845 3378
2846 3402
2847 3381
2848 3375
2849 3570
2850 3393
2851 3393
2852 3399
2853 3402
2854 3393
2855 3378
2856 3375
2857 3585
2858 3396
2859 3372
2860 3399
2861 3396
2862 3372
2863 3378
2864 3375
2865 3582
2866 3387
2867 3393
2868 3396
2869 3381
2870 3390
2871 3381
2872 3381
2873 3552
2874 3369
2875 3393
2876 3390
2877 3393
2878 3372
2879 3375
2880 3375
2881 3573
2882 3390
2883 3390
2884 3408
2885 3375
2886 3390
2887 3381
2888 3387
2889 3525
2890 3399
2891 3372
2892 3369
2893 3378
2894 3369
2895 3381
2896 3375
2897 3546
2898 3381
2899 3369
2900 3405
2901 3396
2902 3390
2903 3375
2904 3381
2905 3558
2906 3393
2907 3390
2908 3384
2909 3372
2910 3390
2911 3384
2912 3375
2913 3552
2914 3390
2915 3369
2916 3411
2917 3369
2918 3369
2919 3381
2920 3384
2921 3549
2922 3369
2923 3369
2924 3372
2925 3381
2926 3390
2927 3381
2928 3384
2929 3618
2930 3390
2931 3393
2932 3402
2933 3396
2934 3390
2935 3381
2936 3387
2937 3615
2938 3405
2939 3393
2940 3393
2941 3399
2942 3396
2943 3402
2944 3390
2945 3603
2946 3405
2947 3405
2948 3405
2949 3408
2950 3399
2951 3396
2952 3390
2953 3600
2954 3393
2955 3405
2956 3411
2957 3405
2958 3399
2959 3396
2960 3390
2961 3636
2962 3405
2963 3405
2964 3411
2965 3396
2966 3393
2967 3399
2968 3402
2969 3732
2970 3408
2971 3393
2972 3405
2973 3393
2974 3408
2975 3399
2976 3387
2977 3570
2978 3411
2979 3402
2980 3411
2981 3423
2982 3393
2983 3402
2984 3390
2985 3588
2986 3405
2987 3393
2988 3408
2989 3393
2990 3393
2991 3399
2992 3390
2993 3618
2994 3423
2995 3411
2996 3402
2997 3408
2998 3399
2999 3399
3000 3390
3001 3699
3002 3423
3003 3408
3004 3411
3005 3402
3006 3393
3007 3402
3008 3390
3009 3615
3010 3405
3011 3411
3012 3411
3013 3405
3014 3402
3015 3402
3016 3393
3017 3564
3018 3411
3019 3405
3020 3405
3021 3402
3022 3399
3023 3399
3024 3390
3025 3657
3026 3405
3027 3390
3028 3384
3029 3387
3030 3372
3031 3384
3032 3387
3033 3618
3034 3399
3035 3399
3036 3390
3037 3369
3038 3396
3039 3381
3040 3390
3041 271263
3042 5967
3043 3450
3044 3402
3045 3396
3046 3387
3047 3393
3048 3408
3049 3555
3050 3408
3051 3402
3052 3399
3053 3399
3054 3378
3055 3384
3056 3384
3057 3552
3058 3417
3059 3384
3060 3375
3061 3381
3062 3366
3063 3369
3064 3378
3065 3537
3066 3417
3067 3372
3068 3378
3069 3366
3070 3363
3071 3369
3072 3378
3073 3594
3074 3411
3075 3402
3076 3399
3077 3402
3078 3396
3079 3402
3080 3390
3081 3555
3082 3402
3083 3405
3084 3402
3085 3402
3086 3393
3087 3402
3088 3393
3089 3531
3090 3411
3091 3405
3092 3399
3093 3399
3094 3393
3095 3396
3096 3393
3097 3552
3098 3399
3099 3405
3100 3399
3101 3399
3102 3393
3103 3402
3104 3390
3105 3531
3106 3402
3107 3405
3108 3399
3109 3399
3110 3393
3111 3390
3112 3390
3113 3543
3114 3402
3115 3405
3116 3402
3117 3402
3118 3393
3119 3402
3120 3387
3121 3522
3122 3402
3123 3402
3124 3396
3125 3402
3126 3393
3127 3402
3128 3390
3129 3546
3130 3405
3131 3405
3132 3402
3133 3399
3134 3393
3135 3396
3136 3390
3137 3546
3138 3402
3139 3402
3140 3402
3141 3402
3142 3393
3143 3396
3144 3399
3145 3567
3146 3402
3147 3405
3148 3393
3149 3393
3150 3393
3151 3402
3152 3393
3153 3498
3154 3402
3155 3402
3156 3393
3157 3390
3158 3390
3159 3399
3160 3393
3161 3552
3162 3399
3163 3393
3164 3393
3165 3396
3166 3393
3167 3399
3168 3399
3169 3552
3170 3393
3171 3396
3172 3393
3173 3393
3174 3393
3175 3396
3176 3393
3177 3543
3178 3402
3179 3396
3180 3393
3181 3393
3182 3393
3183 3402
3184 3393
3185 3537
3186 3399
3187 3393
3188 3393
3189 3396
3190 3393
3191 3402
3192 3399
3193 3558
3194 3405
3195 3402
3196 3399
3197 3396
3198 3393
3199 3402
3200 3399
3201 3549
3202 3399
3203 3408
3204 3399
3205 3411
3206 3393
3207 3402
3208 3396
3209 3519
3210 3405
3211 3405
3212 3396
3213 3411
3214 3393
3215 3402
3216 3396
3217 3573
3218 3408
3219 3411
3220 3396
3221 3417
3222 3408
3223 3402
3224 3402
3225 3558
3226 3414
3227 3420
3228 3393
3229 3402
3230 3390
3231 3402
3232 3402
3233 3582
3234 3414
3235 3402
3236 3405
3237 3411
3238 3390
3239 3402
3240 3390
3241 3567
3242 3405
3243 3429
3244 3408
3245 3411
3246 3402
3247 3402
3248 3399
3249 3642
3250 3417
3251 3408
3252 3405
3253 3405
3254 3396
3255 3390
3256 3393
3257 3699
3258 3405
3259 3396
3260 3393
3261 3402
3262 3390
3263 3402
3264 3396
3265 3672
3266 3411
3267 3420
3268 3414
3269 3411
3270 3390
3271 3402
3272 3390
3273 3732
3274 3399
3275 3408
3276 3393
3277 3399
3278 3402
3279 3402
3280 3399
3281 3558
3282 3414
3283 3393
3284 3393
3285 3393
3286 3390
3287 3402
3288 3396
3289 3561
3290 3417
3291 3408
3292 3405
3293 3405
3294 3408
3295 3402
3296 3390
3297 272805
3298 5907
3299 3456
3300 3423
3301 3429
3302 3393
3303 3402
3304 3414
3305 3579
3306 3417
3307 3402
3308 3402
3309 3393
3310 3390
3311 3396
3312 3402
3313 3588
3314 3429
3315 3411
3316 3399
3317 3408
3318 3393
3319 3402
3320 3387
3321 3555
3322 3411
3323 3408
3324 3405
3325 3405
3326 3393
3327 3402
3328 3390
3329 3519
3330 3426
3331 3402
3332 3417
3333 3405
3334 3393
3335 3399
3336 3402
3337 3513
3338 3414
3339 3408
3340 3402
3341 3408
3342 3390
3343 3402
3344 3396
3345 3639
3346 3417
3347 3414
3348 3402
3349 3399
3350 3393
3351 3399
3352 3399
3353 3540
3354 3402
3355 3414
3356 3396
3357 3402
3358 3396
3359 3399
3360 3393
3361 3564
3362 3402
3363 3423
3364 3405
3365 3402
3366 3396
3367 3402
3368 3402
3369 3600
3370 3414
3371 3396
3372 3399
3373 3393
3374 3396
3375 3396
3376 3393
3377 3600
3378 3396
3379 3411
3380 3399
3381 3408
3382 3393
3383 3402
3384 3399
3385 3564
3386 3390
3387 3393
3388 3393
3389 3396
3390 3399
3391 3402
3392 3402
3393 3618
3394 3402
3395 3396
3396 3393
3397 3399
3398 3393
3399 3399
3400 3402
3401 3648
3402 3396
3403 3393
3404 3393
3405 3393
3406 3393
3407 3402
3408 3393
3409 3603
3410 3408
3411 3396
3412 3402
3413 3399
3414 3393
3415 3402
3416 3393
3417 3537
3418 3396
3419 3393
3420 3396
3421 3402
3422 3399
3423 3402
3424 3402
3425 3558
3426 3393
3427 3408
3428 3393
3429 3402
3430 3399
3431 3399
3432 3402
3433 3594
3434 3405
3435 3393
3436 3408
3437 3402
3438 3399
3439 3399
3440 3393
3441 3606
3442 3399
3443 3408
3444 3393
3445 3393
3446 3393
3447 3402
3448 3390
3449 3600
3450 3399
3451 3402
3452 3393
3453 3396
3454 3393
3455 3402
3456 3390
3457 3624
3458 3402
3459 3405
3460 3408
3461 3405
3462 3393
3463 3402
3464 3402
3465 3555
3466 3393
3467 3417
3468 3411
3469 3399
3470 3399
3471 3402
3472 3393
3473 3513
3474 3408
3475 3414
3476 3417
3477 3414
3478 3393
3479 3402
3480 3390
3481 3528
3482 3402
3483 3408
3484 3393
3485 3417
3486 3390
3487 3402
3488 3390
3489 3501
3490 3393
3491 3393
3492 3408
3493 3396
3494 3390
3495 3405
3496 3390
3497 3594
3498 3393
3499 3408
3500 3411
3501 3396
3502 3387
3503 3402
3504 3390
3505 3534
3506 3429
3507 3411
3508 3417
3509 3402
3510 3390
3511 3402
3512 3393
3513 3600
3514 3411
3515 3411
3516 3405
3517 3405
3518 3393
3519 3396
3520 3393
3521 3603
3522 3402
3523 3411
3524 3405
3525 3402
3526 3390
3527 3402
3528 3402
3529 3546
3530 3408
3531 3405
3532 3393
3533 3402
3534 3390
3535 3402
3536 3393
3537 3621
3538 3405
3539 3405
3540 3405
3541 3399
3542 3399
3543 3402
3544 3396
3545 3570
3546 3393
3547 3399
3548 3390
3549 3405
3550 3399
3551 3402
3552 3390
3553 270282
3554 5934
3555 3441
3556 3420
3557 3432
3558 3390
3559 3399
3560 3408
3561 3537
3562 3423
3563 3402
3564 3399
3565 3399
3566 3390
3567 3396
3568 3399
3569 3561
3570 3417
3571 3405
3572 3402
3573 3402
3574 3396
3575 3396
3576 3390
3577 3582
3578 3420
3579 3411
3580 3402
3581 3402
3582 3393
3583 3399
3584 3399
3585 3630
3586 3402
3587 3384
3588 3399
3589 3369
3590 3372
3591 3372
3592 3366
3593 3537
3594 3393
3595 3408
3596 3402
3597 3399
3598 3378
3599 3369
3600 3369
3601 3567
3602 3384
3603 3405
3604 3372
3605 3366
3606 3363
3607 3369
3608 3369
3609 3582
3610 3423
3611 3384
3612 3387
3613 3375
3614 3363
3615 3369
3616 3357
3617 3600
3618 3378
3619 3387
3620 3399
3621 3372
3622 3393
3623 3372
3624 3387
3625 3564
3626 3411
3627 3405
3628 3393
3629 3405
3630 3393
3631 3387
3632 3390
3633 3564
3634 3399
3635 3420
3636 3393
3637 3372
3638 3375
3639 3369
3640 3387
3641 3537
3642 3432
3643 3414
3644 3405
3645 3396
3646 3393
3647 3381
3648 3396
3649 3600
3650 3378
3651 3393
3652 3384
3653 3399
3654 3387
3655 3387
3656 3393
3657 3603
3658 3396
3659 3387
3660 3372
3661 3366
3662 3390
3663 3369
3664 3387
3665 3558
3666 3399
3667 3408
3668 3375
3669 3381
3670 3384
3671 3384
3672 3387
3673 3531
3674 3414
3675 3375
3676 3381
3677 3366
3678 3357
3679 3366
3680 3396
3681 3603
3682 3408
3683 3399
3684 3381
3685 3375
3686 3393
3687 3381
3688 3375
3689 3555
3690 3417
3691 3384
3692 3384
3693 3402
3694 3387
3695 3384
3696 3396
3697 3549
3698 3402
3699 3405
3700 3402
3701 3375
3702 3372
3703 3375
3704 3384
3705 3582
3706 3420
3707 3387
3708 3363
3709 3372
3710 3378
3711 3378
3712 3372
3713 3576
3714 3414
3715 3393
3716 3393
3717 3411
3718 3399
3719 3381
3720 3375
3721 3621
3722 3420
3723 3381
3724 3381
3725 3384
3726 3393
3727 3375
3728 3375
3729 3519
3730 3390
3731 3390
3732 3396
3733 3393
3734 3390
3735 3375
3736 3369
3737 3660
3738 3408
3739 3405
3740 3414
3741 3408
3742 3399
3743 3372
3744 3384
3745 3594
3746 3384
3747 3420
3748 3384
3749 3381
3750 3375
3751 3381
3752 3366
3753 3606
3754 3429
3755 3378
3756 3393
3757 3384
3758 3378
3759 3369
3760 3372
3761 3630
3762 3417
3763 3384
3764 3405
3765 3396
3766 3375
3767 3372
3768 3378
3769 3675
3770 3429
3771 3411
3772 3378
3773 3381
3774 3375
3775 3381
3776 3375
3777 3582
3778 3378
3779 3381
3780 3402
3781 3402
3782 3390
3783 3381
3784 3372
3785 3600
3786 3429
3787 3399
3788 3393
3789 3402
3790 3390
3791 3384
3792 3384
3793 3567
3794 3384
3795 3381
3796 3390
3797 3399
3798 3396
3799 3381
3800 3375
3801 3561
3802 3414
3803 3381
3804 3381
3805 3381
3806 3378
3807 3375
3808 3375
3809 279489
3810 5847
3811 3435
3812 3414
3813 3393
3814 3381
3815 3369
3816 3390
3817 3591
3818 3417
3819 3372
3820 3369
3821 3378
3822 3363
3823 3366
3824 3372
3825 3618
3826 3405
3827 3429
3828 3378
3829 3381
3830 3384
3831 3369
3832 3366
3833 3546
3834 3423
3835 3411
3836 3408
3837 3384
3838 3363
3839 3369
3840 3375
3841 3504
3842 3408
3843 3405
3844 3375
3845 3402
3846 3378
3847 3369
3848 3372
3849 3555
3850 3414
3851 3384
3852 3384
3853 3375
3854 3369
3855 3375
3856 3372
3857 3567
3858 3387
3859 3384
3860 3381
3861 3384
3862 3369
3863 3375
3864 3372
3865 3600
3866 3393
3867 3375
3868 3384
3869 3387
3870 3375
3871 3369
3872 3363
3873 3489
3874 3396
3875 3384
3876 3390
3877 3372
3878 3369
3879 3369
3880 3366
3881 3483
3882 3393
3883 3363
3884 3363
3885 3372
3886 3393
3887 3375
3888 3375
3889 3492
3890 3366
3891 3399
3892 3372
3893 3369
3894 3360
3895 3372
3896 3372
3897 3501
3898 3372
3899 3381
3900 3366
3901 3363
3902 3363
3903 3369
3904 3363
3905 3489
3906 3366
3907 3372
3908 3381
3909 3366
3910 3387
3911 3384
3912 3387
3913 3579
3914 3411
3915 3393
3916 3384
3917 3402
3918 3393
3919 3384
3920 3384
3921 3498
3922 3393
3923 3372
3924 3372
3925 3372
3926 3366
3927 3369
3928 3381
3929 3558
3930 3366
3931 3375
3932 3369
3933 3366
3934 3372
3935 3372
3936 3372
3937 3510
3938 3405
3939 3372
3940 3369
3941 3366
3942 3375
3943 3369
3944 3363
3945 3534
3946 3372
3947 3408
3948 3408
3949 3375
3950 3369
3951 3381
3952 3384
3953 3531
3954 3387
3955 3399
3956 3372
3957 3369
3958 3369
3959 3378
3960 3384
3961 3558
3962 3390
3963 3375
3964 3369
3965 3378
3966 3363
3967 3375
3968 3390
3969 3567
3970 3405
3971 3384
3972 3408
3973 3405
3974 3384
3975 3375
3976 3372
3977 3585
3978 3384
3979 3381
3980 3381
3981 3381
3982 3384
3983 3372
3984 3372
3985 3528
3986 3402
3987 3381
3988 3381
3989 3378
3990 3375
3991 3372
3992 3366
3993 3582
3994 3381
3995 3411
3996 3381
3997 3381
3998 3390
3999 3378
4000 3372
4001 3717
4002 3408
4003 3402
4004 3381
4005 3381
4006 3375
4007 3369
4008 3372
4009 3537
4010 3405
4011 3402
4012 3396
4013 3402
4014 3378
4015 3369
4016 3363
4017 3540
4018 3384
4019 3438
4020 3384
4021 3381
4022 3375
4023 3369
4024 3366
4025 3585
4026 3381
4027 3381
4028 3390
4029 3381
4030 3381
4031 3375
4032 3402
4033 3519
4034 3420
4035 3381
4036 3399
4037 3378
4038 3396
4039 3378
4040 3372
4041 3516
4042 3423
4043 3378
4044 3390
4045 3384
4046 3381
4047 3375
4048 3381
4049 3567
4050 3402
4051 3378
4052 3381
4053 3402
4054 3378
4055 3375
4056 3378
4057 3606
4058 3408
4059 3390
4060 3402
4061 3390
4062 3387
4063 3369
4064 3357
4065 259164
4066 5955
4067 3432
4068 3420
4069 3423
4070 3363
4071 3375
4072 3387
4073 3600
4074 3417
4075 3405
4076 3381
4077 3366
4078 3384
4079 3366
4080 3366
4081 3573
4082 3381
4083 3408
4084 3378
4085 3366
4086 3399
4087 3369
4088 3375
4089 3537
4090 3417
4091 3372
4092 3369
4093 3381
4094 3372
4095 3369
4096 3384
