0.5 352.58
1.0 4.10375
1.5 3.60375
2.0 4.1625
2.5 4.1675
3.0 4.03625
3.5 3.84625
4.0 3.1625
4.5 81.24125
5.0 4.1175
5.5 4.10875
6.0 4.98875
6.5 4.73375
7.0 4.5225
7.5 4.10625
8.0 3.685
8.5 4.23
9.0 3.97
9.5 4.19625
10.0 5.9175
10.5 4.53
11.0 4.26125
11.5 4.20625
12.0 6.0725
12.5 4.255
13.0 4.435
13.5 6.0375
14.0 3.2125
14.5 4.385
15.0 4.4225
15.5 4.39625
16.0 4.1025
16.5 126.9825
17.0 4.33125
17.5 4.355
18.0 5.8775
18.5 5.64875
19.0 4.535
19.5 6.0675
20.0 3.11375
20.5 6.2425
21.0 4.2025
21.5 3.8325
22.0 3.88125
22.5 4.5475
23.0 4.42625
23.5 4.11625
24.0 4.1625
24.5 4.33875
25.0 4.565
25.5 5.5575
26.0 2.445
26.5 2.3725
27.0 2.3575
27.5 2.21125
28.0 2.3525
28.5 2.5025
29.0 2.355
29.5 2.3525
30.0 2.065
30.5 2.3575
31.0 2.17625
31.5 2.07875
32.0 2.18625
32.5 2.525
33.0 1.74
33.5 1.5175
34.0 1.5
34.5 1.50125
35.0 1.40625
35.5 1.40125
36.0 1.40125
36.5 1.6025
37.0 1.4125
37.5 1.49125
38.0 1.42125
38.5 1.4025
39.0 1.4175
39.5 1.4
40.0 1.395
40.5 1.51375
41.0 1.42375
41.5 1.40375
42.0 1.40375
42.5 1.4075
43.0 1.4
43.5 1.40125
44.0 1.4
44.5 1.55625
45.0 1.42
45.5 1.41
46.0 1.40875
46.5 1.40625
47.0 1.3975
47.5 1.4025
48.0 1.3975
48.5 126.32125
49.0 2.46
49.5 1.41875
50.0 1.4175
50.5 1.4175
51.0 1.39875
51.5 1.4025
52.0 1.4025
52.5 1.49
53.0 1.41875
53.5 1.43375
54.0 1.4025
54.5 1.405
55.0 1.4025
55.5 1.4025
56.0 1.4025
56.5 1.53375
57.0 1.43375
57.5 1.4075
58.0 1.405
58.5 1.405
59.0 1.415
59.5 1.4025
60.0 1.3975
60.5 1.5125
61.0 1.42875
61.5 1.40875
62.0 1.405
62.5 1.405
63.0 1.4025
63.5 1.4025
64.0 1.3975
64.5 1.50125
65.0 1.41375
65.5 1.4175
66.0 1.41375
66.5 1.4075
67.0 1.4025
67.5 1.40125
68.0 1.3975
68.5 1.49125
69.0 1.43625
69.5 1.42375
70.0 1.40875
70.5 1.40125
71.0 1.40125
71.5 1.4025
72.0 1.3975
72.5 1.5375
73.0 1.4175
73.5 1.41125
74.0 1.4075
74.5 1.405
75.0 1.4025
75.5 1.4
76.0 1.3975
76.5 1.51375
77.0 1.41
77.5 1.41125
78.0 1.40375
78.5 1.4025
79.0 1.40375
79.5 1.39875
80.0 1.3975
80.5 1.50375
81.0 1.4375
81.5 1.41875
82.0 1.405
82.5 1.41125
83.0 1.40125
83.5 1.40125
84.0 1.3975
84.5 1.5375
85.0 1.4275
85.5 1.42875
86.0 1.4025
86.5 1.40625
87.0 1.4
87.5 1.4
88.0 1.39875
88.5 1.4525
89.0 1.4375
89.5 1.41125
90.0 1.4
90.5 1.39875
91.0 1.42375
91.5 1.40125
92.0 1.39875
92.5 1.62375
93.0 1.44
93.5 1.40375
94.0 1.45125
94.5 1.43
95.0 1.42375
95.5 1.4025
96.0 1.3975
96.5 1.5275
97.0 1.40875
97.5 1.42375
98.0 1.41375
98.5 1.4075
99.0 1.39875
99.5 1.40125
100.0 1.39875
100.5 1.5075
101.0 1.41375
101.5 1.405
102.0 1.4025
102.5 1.4025
103.0 1.3975
103.5 1.4025
104.0 1.39875
104.5 1.52
105.0 1.41125
105.5 1.42125
106.0 1.4025
106.5 1.415
107.0 1.4025
107.5 1.40125
108.0 1.39875
108.5 1.59375
109.0 1.4075
109.5 1.4225
110.0 1.4025
110.5 1.40375
111.0 1.3975
111.5 1.40125
112.0 1.39875
112.5 124.78375
113.0 2.4375
113.5 1.445
114.0 1.4325
114.5 1.425
115.0 1.41625
115.5 1.40125
116.0 1.42
116.5 1.5025
117.0 1.43125
117.5 1.4125
118.0 1.42125
118.5 1.4175
119.0 1.39875
119.5 1.40375
120.0 1.40375
120.5 1.4925
121.0 1.4225
121.5 1.425
122.0 1.42
122.5 1.41
123.0 1.39875
123.5 1.41
124.0 1.39875
124.5 1.4975
125.0 1.42375
125.5 1.41625
126.0 1.40875
126.5 1.4175
127.0 1.4125
127.5 1.405
128.0 1.40375
128.5 1.5075
129.0 1.4175
129.5 1.4175
130.0 1.40875
130.5 1.41625
131.0 1.4
131.5 1.41625
132.0 1.40375
132.5 1.48875
133.0 1.415
133.5 1.41375
134.0 1.41
134.5 1.40875
135.0 1.39875
135.5 1.40375
136.0 1.39875
136.5 1.47125
137.0 1.42875
137.5 1.41
138.0 1.41
138.5 1.4025
139.0 1.39875
139.5 1.40375
140.0 1.40375
140.5 1.4825
141.0 1.4225
141.5 1.41125
142.0 1.41
142.5 1.41
143.0 1.39875
143.5 1.40375
144.0 1.39875
144.5 1.5
145.0 1.41875
145.5 1.41375
146.0 1.41375
146.5 1.415
147.0 1.4025
147.5 1.405
148.0 1.40375
148.5 1.49375
149.0 1.405
149.5 1.40375
150.0 1.40375
150.5 1.40125
151.0 1.39875
151.5 1.40375
152.0 1.40375
152.5 1.48625
153.0 1.41625
153.5 1.40375
154.0 1.40375
154.5 1.40375
155.0 1.40125
155.5 1.40375
156.0 1.40375
156.5 1.48375
157.0 1.4175
157.5 1.415
158.0 1.4175
158.5 1.41875
159.0 1.4125
159.5 1.40875
160.0 1.40625
160.5 1.48375
161.0 1.4175
161.5 1.40375
162.0 1.4025
162.5 1.405
163.0 1.39875
163.5 1.40375
164.0 1.40375
164.5 1.50875
165.0 1.40375
165.5 1.39875
166.0 1.4025
166.5 1.40375
167.0 1.39875
167.5 1.40375
168.0 1.40375
168.5 1.49
169.0 1.41375
169.5 1.405
170.0 1.40375
170.5 1.4075
171.0 1.4
171.5 1.40375
172.0 1.40375
172.5 1.49125
173.0 1.41
173.5 1.415
174.0 1.405
174.5 1.41375
175.0 1.4
175.5 1.40375
176.0 1.40875
176.5 1.49375
177.0 1.40875
177.5 1.40375
178.0 1.405
178.5 1.40375
179.0 1.40125
179.5 1.40375
180.0 1.40375
180.5 1.49125
181.0 1.40875
181.5 1.405
182.0 1.40375
182.5 1.4125
183.0 1.39875
183.5 1.40375
184.0 1.4025
184.5 1.48
185.0 1.41875
185.5 1.40625
186.0 1.40375
186.5 1.40375
187.0 1.39875
187.5 1.40375
188.0 1.40375
188.5 1.48125
189.0 1.405
189.5 1.40375
190.0 1.405
190.5 1.40375
191.0 1.40125
191.5 1.40375
192.0 1.40375
192.5 1.4825
193.0 1.40625
193.5 1.40625
194.0 1.405
194.5 1.405
195.0 1.4075
195.5 1.40375
196.0 1.40375
196.5 1.455
197.0 1.41
197.5 1.40375
198.0 1.40375
198.5 1.405
199.0 1.39875
199.5 1.40375
200.0 1.40375
200.5 1.47375
201.0 1.42
201.5 1.405
202.0 1.40375
202.5 1.415
203.0 1.4
203.5 1.40375
204.0 1.405
204.5 1.515
205.0 1.405
205.5 1.41
206.0 1.40375
206.5 1.41
207.0 1.4175
207.5 1.40375
208.0 1.40375
208.5 1.49375
209.0 1.41375
209.5 1.40625
210.0 1.41375
210.5 1.40375
211.0 1.4025
211.5 1.40375
212.0 1.40625
212.5 1.46125
213.0 1.4125
213.5 1.41875
214.0 1.405
214.5 1.41125
215.0 1.40875
215.5 1.40875
216.0 1.40125
216.5 1.50875
217.0 1.42
217.5 1.40375
218.0 1.4175
218.5 1.4175
219.0 1.4125
219.5 1.40625
220.0 1.40625
220.5 1.5
221.0 1.415
221.5 1.41375
222.0 1.4175
222.5 1.41375
223.0 1.41375
223.5 1.40875
224.0 1.40875
224.5 1.485
225.0 1.4175
225.5 1.405
226.0 1.4075
226.5 1.41
227.0 1.40375
227.5 1.405
228.0 1.40875
228.5 1.52625
229.0 1.41375
229.5 1.415
230.0 1.41375
230.5 1.41375
231.0 1.4125
231.5 1.41
232.0 1.4075
232.5 1.4625
233.0 1.41375
233.5 1.41375
234.0 1.4125
234.5 1.41375
235.0 1.4125
235.5 1.41
236.0 1.41125
236.5 1.47
237.0 1.415
237.5 1.41375
238.0 1.41375
238.5 1.4075
239.0 1.4
239.5 1.40875
240.0 1.40875
240.5 117.36
241.0 2.46875
241.5 1.43
242.0 1.4175
242.5 1.41625
243.0 1.41125
243.5 1.40875
244.0 1.42125
244.5 1.5
245.0 1.425
245.5 1.425
246.0 1.42
246.5 1.41625
247.0 1.41125
247.5 1.405
248.0 1.405
248.5 1.47375
249.0 1.42375
249.5 1.4175
250.0 1.4175
250.5 1.415
251.0 1.4125
251.5 1.405
252.0 1.4025
252.5 1.49125
253.0 1.40875
253.5 1.41375
254.0 1.41125
254.5 1.40375
255.0 1.40125
255.5 1.40375
256.0 1.40375
256.5 1.465
257.0 1.4125
257.5 1.40625
258.0 1.41
258.5 1.40125
259.0 1.40125
259.5 1.40125
260.0 1.39875
260.5 1.47875
261.0 1.4125
261.5 1.40375
262.0 1.4025
262.5 1.4025
263.0 1.39875
263.5 1.4025
264.0 1.4025
264.5 1.4825
265.0 1.415
265.5 1.41
266.0 1.4075
266.5 1.40125
267.0 1.40375
267.5 1.4025
268.0 1.3975
268.5 1.475
269.0 1.40625
269.5 1.405
270.0 1.4025
270.5 1.405
271.0 1.40125
271.5 1.4025
272.0 1.4
272.5 1.45625
273.0 1.40625
273.5 1.40375
274.0 1.40375
274.5 1.4025
275.0 1.40125
275.5 1.40375
276.0 1.40375
276.5 1.455
277.0 1.40875
277.5 1.4025
278.0 1.40125
278.5 1.4025
279.0 1.4
279.5 1.4025
280.0 1.39875
280.5 1.45875
281.0 1.41125
281.5 1.4025
282.0 1.40375
282.5 1.4025
283.0 1.3975
283.5 1.4025
284.0 1.4025
284.5 1.47375
285.0 1.40875
285.5 1.40375
286.0 1.4025
286.5 1.4025
287.0 1.39875
287.5 1.4025
288.0 1.4
288.5 1.5
289.0 1.4125
289.5 1.405
290.0 1.40375
290.5 1.4025
291.0 1.39875
291.5 1.4025
292.0 1.39875
292.5 1.47875
293.0 1.4025
293.5 1.405
294.0 1.39875
294.5 1.40375
295.0 1.4025
295.5 1.4025
296.0 1.3975
296.5 1.47125
297.0 1.4
297.5 1.40375
298.0 1.39875
298.5 1.4025
299.0 1.39875
299.5 1.4025
300.0 1.4025
300.5 1.4725
301.0 1.40875
301.5 1.4025
302.0 1.4025
302.5 1.40125
303.0 1.40625
303.5 1.4025
304.0 1.3975
304.5 1.4625
305.0 1.4025
305.5 1.4075
306.0 1.40125
306.5 1.4
307.0 1.4
307.5 1.40375
308.0 1.4025
308.5 1.48375
309.0 1.40375
309.5 1.40875
310.0 1.40125
310.5 1.4025
311.0 1.4
311.5 1.40375
312.0 1.40375
312.5 1.4625
313.0 1.405
313.5 1.40375
314.0 1.40375
314.5 1.40375
315.0 1.40375
315.5 1.405
316.0 1.40375
316.5 1.475
317.0 1.405
317.5 1.40375
318.0 1.40125
318.5 1.4
319.0 1.40125
319.5 1.40375
320.0 1.39875
320.5 1.46375
321.0 1.41
321.5 1.40875
322.0 1.40375
322.5 1.40375
323.0 1.405
323.5 1.4025
324.0 1.40125
324.5 1.48375
325.0 1.40375
325.5 1.40375
326.0 1.40375
326.5 1.40375
327.0 1.40375
327.5 1.40375
328.0 1.4025
328.5 1.495
329.0 1.405
329.5 1.40375
330.0 1.4025
330.5 1.405
331.0 1.405
331.5 1.40375
332.0 1.4
332.5 1.45625
333.0 1.41875
333.5 1.4025
334.0 1.40125
334.5 1.4025
335.0 1.40375
335.5 1.40375
336.0 1.4025
336.5 1.4625
337.0 1.42125
337.5 1.40375
338.0 1.40625
338.5 1.40375
339.0 1.40375
339.5 1.40375
340.0 1.40375
340.5 1.47875
341.0 1.405
341.5 1.40375
342.0 1.415
342.5 1.4025
343.0 1.4
343.5 1.40375
344.0 1.40375
344.5 1.4775
345.0 1.41375
345.5 1.40625
346.0 1.40125
346.5 1.4
347.0 1.41125
347.5 1.4025
348.0 1.40375
348.5 1.45875
349.0 1.41375
349.5 1.4
350.0 1.4025
350.5 1.4025
351.0 1.39875
351.5 1.4025
352.0 1.40625
352.5 1.48125
353.0 1.41125
353.5 1.40125
354.0 1.40125
354.5 1.4
355.0 1.39875
355.5 1.4025
356.0 1.405
356.5 1.47
357.0 1.40875
357.5 1.41
358.0 1.40125
358.5 1.405
359.0 1.39875
359.5 1.4025
360.0 1.40375
360.5 1.4625
361.0 1.41125
361.5 1.40375
362.0 1.40625
362.5 1.4025
363.0 1.39875
363.5 1.4025
364.0 1.40375
364.5 1.4725
365.0 1.405
365.5 1.405
366.0 1.41
366.5 1.40125
367.0 1.39875
367.5 1.4025
368.0 1.4
368.5 117.1825
369.0 2.47
369.5 1.41875
370.0 1.4125
370.5 1.41375
371.0 1.41125
371.5 1.405
372.0 1.40875
372.5 1.4775
373.0 1.42
373.5 1.40625
374.0 1.40875
374.5 1.40375
375.0 1.4025
375.5 1.4025
376.0 1.40625
376.5 1.5
377.0 1.42125
377.5 1.4125
378.0 1.4175
378.5 1.4075
379.0 1.40375
379.5 1.405
380.0 1.40125
380.5 1.48
381.0 1.4175
381.5 1.41625
382.0 1.4075
382.5 1.40375
383.0 1.4025
383.5 1.40375
384.0 1.4025
384.5 1.47625
385.0 1.42
385.5 1.41125
386.0 1.40875
386.5 1.40625
387.0 1.40125
387.5 1.40375
388.0 1.40375
388.5 1.48375
389.0 1.42375
389.5 1.4175
390.0 1.40875
390.5 1.4025
391.0 1.4025
391.5 1.40375
392.0 1.40625
392.5 1.49875
393.0 1.4225
393.5 1.41875
394.0 1.415
394.5 1.4125
395.0 1.41125
395.5 1.4075
396.0 1.405
396.5 1.49125
397.0 1.41125
397.5 1.41625
398.0 1.41125
398.5 1.40625
399.0 1.41375
399.5 1.41375
400.0 1.41375
400.5 1.475
401.0 1.41625
401.5 1.405
402.0 1.405
402.5 1.4175
403.0 1.40125
403.5 1.40375
404.0 1.40375
404.5 1.49
405.0 1.405
405.5 1.40375
406.0 1.41125
406.5 1.40625
407.0 1.40375
407.5 1.405
408.0 1.405
408.5 1.47875
409.0 1.41375
409.5 1.405
410.0 1.4
410.5 1.40125
411.0 1.40875
411.5 1.4025
412.0 1.40125
412.5 1.4875
413.0 1.40375
413.5 1.4
414.0 1.4025
414.5 1.405
415.0 1.4025
415.5 1.40375
416.0 1.40375
416.5 1.48375
417.0 1.4075
417.5 1.40125
418.0 1.40625
418.5 1.4025
419.0 1.4025
419.5 1.4025
420.0 1.40375
420.5 1.485
421.0 1.40375
421.5 1.40125
422.0 1.40125
422.5 1.40125
423.0 1.40625
423.5 1.40375
424.0 1.39875
424.5 1.4925
425.0 1.4175
425.5 1.4025
426.0 1.40625
426.5 1.40875
427.0 1.4
427.5 1.40125
428.0 1.4
428.5 1.46375
429.0 1.4075
429.5 1.405
430.0 1.40125
430.5 1.40125
431.0 1.40125
431.5 1.4
432.0 1.40375
432.5 1.48625
433.0 1.40375
433.5 1.4075
434.0 1.40625
434.5 1.40375
435.0 1.405
435.5 1.4025
436.0 1.40375
436.5 1.45875
437.0 1.41375
437.5 1.40625
438.0 1.40375
438.5 1.4075
439.0 1.405
439.5 1.40375
440.0 1.40375
440.5 1.48625
441.0 1.41375
441.5 1.4075
442.0 1.41125
442.5 1.41
443.0 1.405
443.5 1.4
444.0 1.40625
444.5 1.48875
445.0 1.4125
445.5 1.40875
446.0 1.405
446.5 1.40125
447.0 1.4075
447.5 1.40125
448.0 1.4075
448.5 1.48375
449.0 1.41375
449.5 1.41
450.0 1.4075
450.5 1.405
451.0 1.40625
451.5 1.40375
452.0 1.39875
452.5 1.48125
453.0 1.40375
453.5 1.40875
454.0 1.4125
454.5 1.40375
455.0 1.4
455.5 1.4075
456.0 1.4025
456.5 1.455
457.0 1.4075
457.5 1.40375
458.0 1.40375
458.5 1.41125
459.0 1.39875
459.5 1.40375
460.0 1.40375
460.5 1.48
461.0 1.40875
461.5 1.41125
462.0 1.40625
462.5 1.40875
463.0 1.39875
463.5 1.40375
464.0 1.40125
464.5 1.485
465.0 1.41125
465.5 1.4075
466.0 1.405
466.5 1.40375
467.0 1.40625
467.5 1.405
468.0 1.39875
468.5 1.505
469.0 1.40375
469.5 1.40625
470.0 1.40375
470.5 1.40375
471.0 1.40125
471.5 1.40375
472.0 1.40125
472.5 1.49125
473.0 1.415
473.5 1.40875
474.0 1.405
474.5 1.40375
475.0 1.40125
475.5 1.40375
476.0 1.40375
476.5 1.48875
477.0 1.405
477.5 1.40375
478.0 1.40375
478.5 1.40625
479.0 1.40375
479.5 1.4025
480.0 1.40375
480.5 1.48875
481.0 1.40625
481.5 1.4125
482.0 1.40375
482.5 1.40375
483.0 1.4
483.5 1.40375
484.0 1.40375
484.5 1.49625
485.0 1.41625
485.5 1.40375
486.0 1.4
486.5 1.4025
487.0 1.40125
487.5 1.40375
488.0 1.4025
488.5 1.515
489.0 1.4
489.5 1.40125
490.0 1.41375
490.5 1.40875
491.0 1.3975
491.5 1.4025
492.0 1.40375
492.5 1.45375
493.0 1.415
493.5 1.41125
494.0 1.40625
494.5 1.40375
495.0 1.405
495.5 1.4025
496.0 1.3975
496.5 119.61125
497.0 2.4725
497.5 1.4275
498.0 1.4175
498.5 1.415
499.0 1.41625
499.5 1.41
500.0 1.42
500.5 1.50625
501.0 1.4175
501.5 1.41875
502.0 1.41125
502.5 1.415
503.0 1.4075
503.5 1.41
504.0 1.41
504.5 1.48875
505.0 1.41125
505.5 1.405
506.0 1.40625
506.5 1.405
507.0 1.39875
507.5 1.4025
508.0 1.40375
508.5 1.4825
509.0 1.42
509.5 1.41
510.0 1.40875
510.5 1.4025
511.0 1.40375
511.5 1.4025
512.0 1.4025
512.5 1.5025
513.0 1.42125
513.5 1.40625
514.0 1.4025
514.5 1.40375
515.0 1.4025
515.5 1.40375
516.0 1.39875
516.5 1.48
517.0 1.41625
517.5 1.405
518.0 1.40375
518.5 1.4025
519.0 1.40125
519.5 1.4025
520.0 1.4
520.5 1.48375
521.0 1.40875
521.5 1.405
522.0 1.40375
522.5 1.40375
523.0 1.4125
523.5 1.40375
524.0 1.405
524.5 1.47625
525.0 1.4175
525.5 1.4075
526.0 1.41
526.5 1.41
527.0 1.40125
527.5 1.40375
528.0 1.40375
528.5 1.4925
529.0 1.41125
529.5 1.4075
530.0 1.405
530.5 1.4075
531.0 1.4025
531.5 1.40375
532.0 1.4025
532.5 1.48
533.0 1.41125
533.5 1.40875
534.0 1.40625
534.5 1.40625
535.0 1.4025
535.5 1.40375
536.0 1.4025
536.5 1.4875
537.0 1.40875
537.5 1.405
538.0 1.4025
538.5 1.40375
539.0 1.4
539.5 1.40375
540.0 1.39875
540.5 1.47375
541.0 1.41625
541.5 1.41
542.0 1.40125
542.5 1.40375
543.0 1.40375
543.5 1.40375
544.0 1.4025
544.5 1.46375
545.0 1.405
545.5 1.41375
546.0 1.40125
546.5 1.40125
547.0 1.40125
547.5 1.4025
548.0 1.4025
548.5 1.49875
549.0 1.405
549.5 1.39875
550.0 1.405
550.5 1.4025
551.0 1.40125
551.5 1.4025
552.0 1.40375
552.5 1.4675
553.0 1.40875
553.5 1.40625
554.0 1.40875
554.5 1.405
555.0 1.4
555.5 1.4025
556.0 1.4025
556.5 1.47625
557.0 1.40625
557.5 1.40125
558.0 1.39875
558.5 1.40125
559.0 1.39875
559.5 1.40125
560.0 1.4025
560.5 1.49
561.0 1.40375
561.5 1.40125
562.0 1.40125
562.5 1.39875
563.0 1.40125
563.5 1.4025
564.0 1.39875
564.5 1.49375
565.0 1.4075
565.5 1.405
566.0 1.4
566.5 1.4025
567.0 1.4
567.5 1.4025
568.0 1.39875
568.5 1.48125
569.0 1.40875
569.5 1.4125
570.0 1.4025
570.5 1.4025
571.0 1.39875
571.5 1.4025
572.0 1.4025
572.5 1.49625
573.0 1.4025
573.5 1.4
574.0 1.40125
574.5 1.4025
575.0 1.4025
575.5 1.4025
576.0 1.3975
576.5 1.505
577.0 1.4075
577.5 1.41625
578.0 1.4075
578.5 1.40625
579.0 1.4075
579.5 1.40125
580.0 1.3975
580.5 1.46875
581.0 1.415
581.5 1.41625
582.0 1.40125
582.5 1.40125
583.0 1.4125
583.5 1.4025
584.0 1.40375
584.5 1.485
585.0 1.41875
585.5 1.4075
586.0 1.41125
586.5 1.40125
587.0 1.4025
587.5 1.4025
588.0 1.40375
588.5 1.4925
589.0 1.41375
589.5 1.4
590.0 1.40125
590.5 1.40125
591.0 1.40125
591.5 1.4025
592.0 1.4025
592.5 1.48625
593.0 1.40625
593.5 1.41625
594.0 1.40625
594.5 1.40125
595.0 1.405
595.5 1.40375
596.0 1.40375
596.5 1.4825
597.0 1.415
597.5 1.40125
598.0 1.4
598.5 1.4
599.0 1.40375
599.5 1.40375
600.0 1.40375
600.5 1.47625
601.0 1.40125
601.5 1.41125
602.0 1.4025
602.5 1.40125
603.0 1.4025
603.5 1.4025
604.0 1.4025
604.5 1.4925
605.0 1.41375
605.5 1.40125
606.0 1.405
606.5 1.4025
607.0 1.40125
607.5 1.4025
608.0 1.4025
608.5 1.4975
609.0 1.415
609.5 1.40375
610.0 1.415
610.5 1.4075
611.0 1.40125
611.5 1.4025
612.0 1.39875
612.5 1.47375
613.0 1.40125
613.5 1.41
614.0 1.4025
614.5 1.40375
615.0 1.40375
615.5 1.40625
616.0 1.39875
616.5 1.49625
617.0 1.42
617.5 1.40875
618.0 1.405
618.5 1.40125
619.0 1.40125
619.5 1.40375
620.0 1.39875
620.5 1.49625
621.0 1.4
621.5 1.405
622.0 1.40125
622.5 1.4
623.0 1.4025
623.5 1.4025
624.0 1.40375
624.5 118.03625
625.0 2.435
625.5 1.41875
626.0 1.42375
626.5 1.42125
627.0 1.4025
627.5 1.40875
628.0 1.40875
628.5 1.4875
629.0 1.42125
629.5 1.41375
630.0 1.405
630.5 1.40375
631.0 1.41375
631.5 1.40125
632.0 1.40375
632.5 1.4825
633.0 1.40875
633.5 1.405
634.0 1.4025
634.5 1.40375
635.0 1.40125
635.5 1.40125
636.0 1.40125
636.5 1.495
637.0 1.42375
637.5 1.41125
638.0 1.405
638.5 1.405
639.0 1.40375
639.5 1.40375
640.0 1.405
640.5 1.485
641.0 1.40625
641.5 1.4125
642.0 1.4025
642.5 1.4025
643.0 1.39875
643.5 1.40125
644.0 1.40125
644.5 1.4925
645.0 1.40625
645.5 1.41875
646.0 1.4025
646.5 1.40375
647.0 1.40125
647.5 1.4025
648.0 1.4025
648.5 1.48375
649.0 1.40375
649.5 1.40375
650.0 1.4
650.5 1.4025
651.0 1.4
651.5 1.40375
652.0 1.4025
652.5 1.49625
653.0 1.40125
653.5 1.41
654.0 1.40125
654.5 1.4
655.0 1.40125
655.5 1.4025
656.0 1.39875
656.5 1.5025
657.0 1.40375
657.5 1.42
658.0 1.4025
658.5 1.40625
659.0 1.40125
659.5 1.40375
660.0 1.40125
660.5 1.5025
661.0 1.40375
661.5 1.40125
662.0 1.4025
662.5 1.405
663.0 1.40125
663.5 1.40375
664.0 1.40625
664.5 1.4925
665.0 1.415
665.5 1.405
666.0 1.40125
666.5 1.4025
667.0 1.39875
667.5 1.4025
668.0 1.39875
668.5 1.4975
669.0 1.40625
669.5 1.415
670.0 1.40375
670.5 1.405
671.0 1.40125
671.5 1.40625
672.0 1.405
672.5 1.4725
673.0 1.40625
673.5 1.40375
674.0 1.4025
674.5 1.4025
675.0 1.39875
675.5 1.4025
676.0 1.4025
676.5 1.49125
677.0 1.405
677.5 1.415
678.0 1.41375
678.5 1.40375
679.0 1.4
679.5 1.4025
680.0 1.4025
680.5 1.4875
681.0 1.40125
681.5 1.39875
682.0 1.39875
682.5 1.39875
683.0 1.40125
683.5 1.4025
684.0 1.40125
684.5 1.48875
685.0 1.39875
685.5 1.39875
686.0 1.40375
686.5 1.40375
687.0 1.4
687.5 1.3975
688.0 1.39875
688.5 1.49875
689.0 1.4175
689.5 1.40625
690.0 1.40625
690.5 1.40625
691.0 1.40125
691.5 1.40375
692.0 1.39875
692.5 1.46625
693.0 1.40875
693.5 1.41125
694.0 1.40125
694.5 1.40125
695.0 1.4
695.5 1.4025
696.0 1.4025
696.5 1.48625
697.0 1.3975
697.5 1.39875
698.0 1.39875
698.5 1.41
699.0 1.4
699.5 1.4025
700.0 1.40125
700.5 1.4875
701.0 1.39875
701.5 1.39875
702.0 1.39875
702.5 1.40375
703.0 1.40125
703.5 1.4025
704.0 1.4
704.5 1.50125
705.0 1.4125
705.5 1.41125
706.0 1.4025
706.5 1.4
707.0 1.4025
707.5 1.40375
708.0 1.40625
708.5 1.48125
709.0 1.4175
709.5 1.4025
710.0 1.4025
710.5 1.4025
711.0 1.40625
711.5 1.40375
712.0 1.40375
712.5 1.4875
713.0 1.4
713.5 1.40125
714.0 1.4
714.5 1.4
715.0 1.40125
715.5 1.40375
716.0 1.40625
716.5 1.5025
717.0 1.41375
717.5 1.4125
718.0 1.40125
718.5 1.40125
719.0 1.40375
719.5 1.40375
720.0 1.4025
720.5 1.49875
721.0 1.40125
721.5 1.40125
722.0 1.4
722.5 1.405
723.0 1.4025
723.5 1.40375
724.0 1.40375
724.5 1.4775
725.0 1.40125
725.5 1.4025
726.0 1.39875
726.5 1.4
727.0 1.4
727.5 1.40375
728.0 1.4025
728.5 1.48375
729.0 1.4025
729.5 1.4
730.0 1.39875
730.5 1.40125
731.0 1.41375
731.5 1.40375
732.0 1.4025
732.5 1.49125
733.0 1.4025
733.5 1.40125
734.0 1.40125
734.5 1.40125
735.0 1.40375
735.5 1.40375
736.0 1.4025
736.5 1.49875
737.0 1.4025
737.5 1.40625
738.0 1.40125
738.5 1.4
739.0 1.40125
739.5 1.40375
740.0 1.40375
740.5 1.49375
741.0 1.4025
741.5 1.405
742.0 1.40375
742.5 1.4025
743.0 1.40125
743.5 1.40375
744.0 1.40375
744.5 1.495
745.0 1.40375
745.5 1.40125
746.0 1.40125
746.5 1.4025
747.0 1.4
747.5 1.39875
748.0 1.40625
748.5 1.47375
749.0 1.41375
749.5 1.40125
750.0 1.4
750.5 1.4
751.0 1.40125
751.5 1.40375
752.0 1.40375
752.5 111.815
753.0 2.495
753.5 1.42125
754.0 1.42125
754.5 1.4025
755.0 1.4025
755.5 1.405
756.0 1.41625
756.5 1.50625
757.0 1.41375
757.5 1.40375
758.0 1.41375
758.5 1.4025
759.0 1.40375
759.5 1.4025
760.0 1.405
760.5 1.5
761.0 1.42
761.5 1.41125
762.0 1.40375
762.5 1.40375
763.0 1.4025
763.5 1.4025
764.0 1.39875
764.5 1.50375
765.0 1.42375
765.5 1.41
766.0 1.4125
766.5 1.405
767.0 1.4025
767.5 1.4025
768.0 1.4025
768.5 1.49625
769.0 1.425
769.5 1.40625
770.0 1.40625
770.5 1.405
771.0 1.4025
771.5 1.405
772.0 1.40875
772.5 1.49625
773.0 1.41125
773.5 1.40625
774.0 1.4175
774.5 1.40375
775.0 1.39875
775.5 1.4025
776.0 1.4025
776.5 1.48
777.0 1.4225
777.5 1.40875
778.0 1.40375
778.5 1.4025
779.0 1.4025
779.5 1.4025
780.0 1.4125
780.5 1.48875
781.0 1.41625
781.5 1.41375
782.0 1.40375
782.5 1.40625
783.0 1.40125
783.5 1.4025
784.0 1.4025
784.5 1.48875
785.0 1.4125
785.5 1.405
786.0 1.4025
786.5 1.40625
787.0 1.4025
787.5 1.4025
788.0 1.41375
788.5 1.48375
789.0 1.40875
789.5 1.42
790.0 1.41
790.5 1.4025
791.0 1.4
791.5 1.40375
792.0 1.39875
792.5 1.48625
793.0 1.40625
793.5 1.405
794.0 1.40625
794.5 1.40375
795.0 1.4075
795.5 1.4025
796.0 1.41125
796.5 1.47625
797.0 1.4125
797.5 1.405
798.0 1.40625
798.5 1.4025
799.0 1.39875
799.5 1.4025
800.0 1.4025
800.5 1.485
801.0 1.4075
801.5 1.41875
802.0 1.4025
802.5 1.4025
803.0 1.40375
803.5 1.4025
804.0 1.41875
804.5 1.4575
805.0 1.4175
805.5 1.40625
806.0 1.4025
806.5 1.40875
807.0 1.39875
807.5 1.4025
808.0 1.4025
808.5 1.48125
809.0 1.40625
809.5 1.40125
810.0 1.405
810.5 1.4175
811.0 1.40625
811.5 1.405
812.0 1.41375
812.5 1.47625
813.0 1.40625
813.5 1.405
814.0 1.40125
814.5 1.40375
815.0 1.4025
815.5 1.4025
816.0 1.405
816.5 1.495
817.0 1.39875
817.5 1.405
818.0 1.40125
818.5 1.4025
819.0 1.40125
819.5 1.40375
820.0 1.41125
820.5 1.49125
821.0 1.41
821.5 1.4125
822.0 1.4
822.5 1.41125
823.0 1.4025
823.5 1.4025
824.0 1.39875
824.5 1.45375
825.0 1.3975
825.5 1.40125
826.0 1.415
826.5 1.4025
827.0 1.40125
827.5 1.40375
828.0 1.41375
828.5 1.48625
829.0 1.40375
829.5 1.4125
830.0 1.40125
830.5 1.4025
831.0 1.40625
831.5 1.4025
832.0 1.39875
832.5 1.49125
833.0 1.42
833.5 1.40375
834.0 1.41375
834.5 1.4025
835.0 1.4025
835.5 1.4025
836.0 1.4175
836.5 1.49
837.0 1.415
837.5 1.41375
838.0 1.41375
838.5 1.415
839.0 1.4075
839.5 1.4125
840.0 1.41125
840.5 1.49125
841.0 1.405
841.5 1.41375
842.0 1.4025
842.5 1.4075
843.0 1.4125
843.5 1.405
844.0 1.41625
844.5 1.49125
845.0 1.41375
845.5 1.41625
846.0 1.41375
846.5 1.41625
847.0 1.40125
847.5 1.40375
848.0 1.40375
848.5 1.525
849.0 1.415
849.5 1.41625
850.0 1.41375
850.5 1.40125
851.0 1.4025
851.5 1.40375
852.0 1.4125
852.5 1.48375
853.0 1.41
853.5 1.41375
854.0 1.41125
854.5 1.405
855.0 1.41
855.5 1.4025
856.0 1.40375
856.5 1.495
857.0 1.40125
857.5 1.4075
858.0 1.41
858.5 1.40125
859.0 1.415
859.5 1.40375
860.0 1.415
860.5 1.51625
861.0 1.41375
861.5 1.4125
862.0 1.4125
862.5 1.4125
863.0 1.41375
863.5 1.41375
864.0 1.41375
864.5 1.5075
865.0 1.415
865.5 1.41375
866.0 1.4125
866.5 1.41
867.0 1.4125
867.5 1.41375
868.0 1.4175
868.5 1.5
869.0 1.415
869.5 1.41375
870.0 1.4125
870.5 1.41125
871.0 1.41125
871.5 1.41375
872.0 1.41125
872.5 1.4925
873.0 1.41
873.5 1.41
874.0 1.41
874.5 1.415
875.0 1.4125
875.5 1.415
876.0 1.4175
876.5 1.50375
877.0 1.4075
877.5 1.40625
878.0 1.4025
878.5 1.4025
879.0 1.40125
879.5 1.40875
880.0 1.40375
880.5 110.71
881.0 2.45375
881.5 1.42375
882.0 1.42375
882.5 1.4175
883.0 1.40875
883.5 1.40375
884.0 1.4225
884.5 1.51125
885.0 1.4225
885.5 1.4175
886.0 1.4025
886.5 1.415
887.0 1.41
887.5 1.4025
888.0 1.40375
888.5 1.48
889.0 1.42375
889.5 1.435
890.0 1.41875
890.5 1.405
891.0 1.40875
891.5 1.40375
892.0 1.39875
892.5 1.4925
893.0 1.4175
893.5 1.42125
894.0 1.4175
894.5 1.40375
895.0 1.40125
895.5 1.40375
896.0 1.40375
896.5 1.4775
897.0 1.415
897.5 1.4175
898.0 1.41625
898.5 1.41375
899.0 1.415
899.5 1.40625
900.0 1.40625
900.5 1.47375
901.0 1.4175
901.5 1.40625
902.0 1.40625
902.5 1.41875
903.0 1.40125
903.5 1.40375
904.0 1.40375
904.5 1.49375
905.0 1.415
905.5 1.42375
906.0 1.41875
906.5 1.4175
907.0 1.40875
907.5 1.40375
908.0 1.40375
908.5 1.46375
909.0 1.41375
909.5 1.41375
910.0 1.4175
910.5 1.40375
911.0 1.40125
911.5 1.40375
912.0 1.40375
912.5 1.48875
913.0 1.4125
913.5 1.42
914.0 1.41625
914.5 1.41375
915.0 1.40625
915.5 1.40375
916.0 1.40375
916.5 1.495
917.0 1.4125
917.5 1.40125
918.0 1.40875
918.5 1.40875
919.0 1.4075
919.5 1.40625
920.0 1.40375
920.5 1.495
921.0 1.4
921.5 1.4125
922.0 1.4075
922.5 1.4025
923.0 1.41
923.5 1.405
924.0 1.40375
924.5 1.49375
925.0 1.4025
925.5 1.41125
926.0 1.41125
926.5 1.405
927.0 1.40125
927.5 1.40875
928.0 1.40375
928.5 1.48125
929.0 1.4
929.5 1.4175
930.0 1.41
930.5 1.41
931.0 1.405
931.5 1.4075
932.0 1.40375
932.5 1.50125
933.0 1.415
933.5 1.4025
934.0 1.40875
934.5 1.4025
935.0 1.40125
935.5 1.40375
936.0 1.40375
936.5 1.5025
937.0 1.40375
937.5 1.41375
938.0 1.41375
938.5 1.4075
939.0 1.405
939.5 1.40625
940.0 1.405
940.5 1.4825
941.0 1.40375
941.5 1.41125
942.0 1.40625
942.5 1.41
943.0 1.40125
943.5 1.40375
944.0 1.405
944.5 1.4775
945.0 1.41
945.5 1.415
946.0 1.41375
946.5 1.4125
947.0 1.41375
947.5 1.41
948.0 1.41375
948.5 1.4625
949.0 1.41375
949.5 1.4175
950.0 1.40125
950.5 1.40125
951.0 1.4025
951.5 1.40375
952.0 1.405
952.5 1.505
953.0 1.4
953.5 1.4075
954.0 1.41125
954.5 1.40125
955.0 1.405
955.5 1.405
956.0 1.40875
956.5 1.45625
957.0 1.40125
957.5 1.40875
958.0 1.40125
958.5 1.405
959.0 1.41125
959.5 1.40375
960.0 1.40375
960.5 1.485
961.0 1.415
961.5 1.41375
962.0 1.405
962.5 1.41375
963.0 1.4125
963.5 1.41375
964.0 1.41
964.5 1.4925
965.0 1.41625
965.5 1.41875
966.0 1.4025
966.5 1.40875
967.0 1.40875
967.5 1.40375
968.0 1.40375
968.5 1.485
969.0 1.41375
969.5 1.41375
970.0 1.4
970.5 1.4175
971.0 1.4025
971.5 1.40125
972.0 1.405
972.5 1.5025
973.0 1.405
973.5 1.41125
974.0 1.4025
974.5 1.41375
975.0 1.40875
975.5 1.40375
976.0 1.40625
976.5 1.50125
977.0 1.405
977.5 1.4125
978.0 1.405
978.5 1.4125
979.0 1.405
979.5 1.41125
980.0 1.40875
980.5 1.5
981.0 1.41625
981.5 1.40875
982.0 1.40125
982.5 1.41375
983.0 1.415
983.5 1.40375
984.0 1.39875
984.5 1.47875
985.0 1.4025
985.5 1.41375
986.0 1.40125
986.5 1.40875
987.0 1.4125
987.5 1.405
988.0 1.4025
988.5 1.49375
989.0 1.40125
989.5 1.40125
990.0 1.41375
990.5 1.40625
991.0 1.40125
991.5 1.40375
992.0 1.40375
992.5 1.49
993.0 1.4175
993.5 1.415
994.0 1.40125
994.5 1.405
995.0 1.41375
995.5 1.40125
996.0 1.40375
996.5 1.4825
997.0 1.41625
997.5 1.4
998.0 1.41375
998.5 1.4025
999.0 1.405
999.5 1.40375
1000.0 1.40375
1000.5 1.475
1001.0 1.4125
1001.5 1.41375
1002.0 1.40125
1002.5 1.40125
1003.0 1.40125
1003.5 1.40375
1004.0 1.40375
1004.5 1.4725
1005.0 1.41
1005.5 1.40875
1006.0 1.40125
1006.5 1.4
1007.0 1.41
1007.5 1.405
1008.0 1.40375
1008.5 113.445
1009.0 2.45875
1009.5 1.44
1010.0 1.41875
1010.5 1.4175
1011.0 1.39875
1011.5 1.41125
1012.0 1.40625
1012.5 1.485
1013.0 1.42375
1013.5 1.4225
1014.0 1.415
1014.5 1.41
1015.0 1.40125
1015.5 1.4025
1016.0 1.405
1016.5 1.5025
1017.0 1.40875
1017.5 1.41875
1018.0 1.40875
1018.5 1.405
1019.0 1.4025
1019.5 1.40375
1020.0 1.39875
1020.5 1.4825
1021.0 1.4125
1021.5 1.4175
1022.0 1.4175
1022.5 1.40375
1023.0 1.41375
1023.5 1.40375
1024.0 1.405
1024.5 1.52625
1025.0 1.42125
1025.5 1.4175
1026.0 1.4175
1026.5 1.405
1027.0 1.40875
1027.5 1.40625
1028.0 1.405
1028.5 1.49
1029.0 1.41375
1029.5 1.4175
1030.0 1.40625
1030.5 1.405
1031.0 1.41375
1031.5 1.4075
1032.0 1.405
1032.5 1.48
1033.0 1.415
1033.5 1.41875
1034.0 1.41625
1034.5 1.41625
1035.0 1.40375
1035.5 1.40375
1036.0 1.405
1036.5 1.48125
1037.0 1.42
1037.5 1.42
1038.0 1.41
1038.5 1.4075
1039.0 1.40625
1039.5 1.40375
1040.0 1.40375
1040.5 1.47125
1041.0 1.42125
1041.5 1.415
1042.0 1.415
1042.5 1.40375
1043.0 1.41375
1043.5 1.40625
1044.0 1.40375
1044.5 1.475
1045.0 1.41375
1045.5 1.41125
1046.0 1.41375
1046.5 1.41
1047.0 1.4025
1047.5 1.4075
1048.0 1.40625
1048.5 1.4825
1049.0 1.4125
1049.5 1.41875
1050.0 1.4125
1050.5 1.4175
1051.0 1.4125
1051.5 1.40625
1052.0 1.40625
1052.5 1.4875
1053.0 1.4225
1053.5 1.42
1054.0 1.41125
1054.5 1.41
1055.0 1.40625
1055.5 1.4075
1056.0 1.40375
1056.5 1.4775
1057.0 1.42125
1057.5 1.41875
1058.0 1.41375
1058.5 1.4125
1059.0 1.40125
1059.5 1.4075
1060.0 1.405
1060.5 1.495
1061.0 1.4125
1061.5 1.41375
1062.0 1.41375
1062.5 1.40875
1063.0 1.4125
1063.5 1.41
1064.0 1.41125
1064.5 1.48875
1065.0 1.42
1065.5 1.4
1066.0 1.415
1066.5 1.41375
1067.0 1.40625
1067.5 1.40125
1068.0 1.4125
1068.5 1.5
1069.0 1.415
1069.5 1.41375
1070.0 1.41375
1070.5 1.41375
1071.0 1.41375
1071.5 1.39875
1072.0 1.40375
1072.5 1.47625
1073.0 1.4175
1073.5 1.4125
1074.0 1.4125
1074.5 1.41125
1075.0 1.405
1075.5 1.40875
1076.0 1.40875
1076.5 1.48625
1077.0 1.4025
1077.5 1.42
1078.0 1.40875
1078.5 1.4075
1079.0 1.41375
1079.5 1.40125
1080.0 1.40375
1080.5 1.495
1081.0 1.4025
1081.5 1.41875
1082.0 1.41375
1082.5 1.4075
1083.0 1.405
1083.5 1.40625
1084.0 1.40875
1084.5 1.47125
1085.0 1.4175
1085.5 1.40125
1086.0 1.41375
1086.5 1.41375
1087.0 1.41125
1087.5 1.40375
1088.0 1.40875
1088.5 1.49
1089.0 1.4025
1089.5 1.4025
1090.0 1.4075
1090.5 1.40375
1091.0 1.40875
1091.5 1.40125
1092.0 1.40625
1092.5 1.49
1093.0 1.4175
1093.5 1.41
1094.0 1.41625
1094.5 1.42
1095.0 1.40625
1095.5 1.41
1096.0 1.40875
1096.5 1.48375
1097.0 1.41875
1097.5 1.40625
1098.0 1.41875
1098.5 1.4175
1099.0 1.4175
1099.5 1.41
1100.0 1.41625
1100.5 1.47125
1101.0 1.415
1101.5 1.40625
1102.0 1.405
1102.5 1.405
1103.0 1.405
1103.5 1.40875
1104.0 1.41
1104.5 1.49375
1105.0 1.405
1105.5 1.4175
1106.0 1.4125
1106.5 1.415
1107.0 1.4125
1107.5 1.415
1108.0 1.41375
1108.5 1.49125
1109.0 1.42
1109.5 1.41625
1110.0 1.4175
1110.5 1.40625
1111.0 1.41125
1111.5 1.41
1112.0 1.4075
1112.5 1.49
1113.0 1.4125
1113.5 1.41375
1114.0 1.4125
1114.5 1.41375
1115.0 1.4075
1115.5 1.40875
1116.0 1.40875
1116.5 1.5275
1117.0 1.4175
1117.5 1.41375
1118.0 1.41875
1118.5 1.42
1119.0 1.4175
1119.5 1.41
1120.0 1.40875
1120.5 1.4975
1121.0 1.40625
1121.5 1.41875
1122.0 1.415
1122.5 1.41375
1123.0 1.40625
1123.5 1.40875
1124.0 1.4125
1124.5 1.48375
1125.0 1.41375
1125.5 1.41
1126.0 1.42
1126.5 1.41
1127.0 1.4075
1127.5 1.41
1128.0 1.4125
1128.5 1.485
1129.0 1.41875
1129.5 1.4075
1130.0 1.415
1130.5 1.405
1131.0 1.4125
1131.5 1.41125
1132.0 1.40375
1132.5 1.4925
1133.0 1.41375
1133.5 1.40625
1134.0 1.42
1134.5 1.41625
1135.0 1.405
1135.5 1.41
1136.0 1.40625
1136.5 112.1425
1137.0 2.43125
1137.5 1.4375
1138.0 1.42625
1138.5 1.42
1139.0 1.41125
1139.5 1.40875
1140.0 1.42
1140.5 1.51625
1141.0 1.425
1141.5 1.41375
1142.0 1.415
1142.5 1.40625
1143.0 1.39875
1143.5 1.40375
1144.0 1.40375
1144.5 1.49125
1145.0 1.4175
1145.5 1.40625
1146.0 1.40375
1146.5 1.405
1147.0 1.40125
1147.5 1.40375
1148.0 1.40875
1148.5 1.47375
1149.0 1.42125
1149.5 1.4175
1150.0 1.41
1150.5 1.4025
1151.0 1.405
1151.5 1.405
1152.0 1.40375
1152.5 1.4875
1153.0 1.4075
1153.5 1.41
1154.0 1.40625
1154.5 1.40375
1155.0 1.40125
1155.5 1.40375
1156.0 1.4025
1156.5 1.48375
1157.0 1.41375
1157.5 1.405
1158.0 1.40375
1158.5 1.40875
1159.0 1.40125
1159.5 1.40375
1160.0 1.40625
1160.5 1.47625
1161.0 1.4125
1161.5 1.40625
1162.0 1.41
1162.5 1.40375
1163.0 1.4
1163.5 1.40375
1164.0 1.40375
1164.5 1.48125
1165.0 1.40875
1165.5 1.405
1166.0 1.40375
1166.5 1.4025
1167.0 1.40125
1167.5 1.40375
1168.0 1.4075
1168.5 1.47875
1169.0 1.41
1169.5 1.405
1170.0 1.405
1170.5 1.40375
1171.0 1.39875
1171.5 1.40375
1172.0 1.40375
1172.5 1.48375
1173.0 1.4125
1173.5 1.405
1174.0 1.4025
1174.5 1.4025
1175.0 1.39875
1175.5 1.40375
1176.0 1.40375
1176.5 1.4825
1177.0 1.40375
1177.5 1.41
1178.0 1.40125
1178.5 1.405
1179.0 1.40125
1179.5 1.405
1180.0 1.40375
1180.5 1.4875
1181.0 1.40125
1181.5 1.40125
1182.0 1.40125
1182.5 1.4
1183.0 1.40125
1183.5 1.40375
1184.0 1.40875
1184.5 1.49125
1185.0 1.4125
1185.5 1.4
1186.0 1.40125
1186.5 1.40125
1187.0 1.40125
1187.5 1.4025
1188.0 1.405
1188.5 1.49
1189.0 1.40625
1189.5 1.40125
1190.0 1.40125
1190.5 1.40125
1191.0 1.40125
1191.5 1.40375
1192.0 1.405
1192.5 1.47625
1193.0 1.4025
1193.5 1.40125
1194.0 1.40125
1194.5 1.4
1195.0 1.40125
1195.5 1.40375
1196.0 1.40375
1196.5 1.4875
1197.0 1.405
1197.5 1.4025
1198.0 1.40125
1198.5 1.40125
1199.0 1.40125
1199.5 1.40375
1200.0 1.40375
1200.5 1.475
1201.0 1.40875
1201.5 1.41
1202.0 1.405
1202.5 1.405
1203.0 1.41
1203.5 1.405
1204.0 1.40875
1204.5 1.4675
1205.0 1.40625
1205.5 1.40375
1206.0 1.40375
1206.5 1.40375
1207.0 1.40375
1207.5 1.40375
1208.0 1.40875
1208.5 1.49375
1209.0 1.41125
1209.5 1.41375
1210.0 1.40375
1210.5 1.40625
1211.0 1.40375
1211.5 1.40375
1212.0 1.4075
1212.5 1.49125
1213.0 1.40625
1213.5 1.40375
1214.0 1.40375
1214.5 1.405
1215.0 1.40375
1215.5 1.40375
1216.0 1.4075
1216.5 1.485
1217.0 1.415
1217.5 1.41625
1218.0 1.40625
1218.5 1.40875
1219.0 1.40375
1219.5 1.40625
1220.0 1.40625
1220.5 1.50375
1221.0 1.41375
1221.5 1.405
1222.0 1.40875
1222.5 1.40875
1223.0 1.4
1223.5 1.40375
1224.0 1.40375
1224.5 1.48625
1225.0 1.4
1225.5 1.40125
1226.0 1.40125
1226.5 1.4
1227.0 1.40125
1227.5 1.40375
1228.0 1.4075
1228.5 1.485
1229.0 1.40125
1229.5 1.4
1230.0 1.41
1230.5 1.40625
1231.0 1.4025
1231.5 1.40375
1232.0 1.405
1232.5 1.48125
1233.0 1.41
1233.5 1.40875
1234.0 1.4075
1234.5 1.40875
1235.0 1.40375
1235.5 1.4025
1236.0 1.40625
1236.5 1.51625
1237.0 1.41375
1237.5 1.405
1238.0 1.40875
1238.5 1.4
1239.0 1.40125
1239.5 1.40375
1240.0 1.39875
1240.5 1.48625
1241.0 1.41375
1241.5 1.41
1242.0 1.40875
1242.5 1.4025
1243.0 1.40125
1243.5 1.4025
1244.0 1.40375
1244.5 1.5075
1245.0 1.40875
1245.5 1.41
1246.0 1.41
1246.5 1.40125
1247.0 1.405
1247.5 1.40375
1248.0 1.40375
1248.5 1.49
1249.0 1.40375
1249.5 1.40125
1250.0 1.40875
1250.5 1.4
1251.0 1.4125
1251.5 1.40375
1252.0 1.40375
1252.5 1.50625
1253.0 1.4075
1253.5 1.415
1254.0 1.41
1254.5 1.41
1255.0 1.405
1255.5 1.40625
1256.0 1.40875
1256.5 1.49875
1257.0 1.41875
1257.5 1.40875
1258.0 1.41875
1258.5 1.40375
1259.0 1.405
1259.5 1.405
1260.0 1.40375
1260.5 1.49125
1261.0 1.4175
1261.5 1.40125
1262.0 1.41375
1262.5 1.4125
1263.0 1.40625
1263.5 1.40375
1264.0 1.40375
1264.5 115.33125
1265.0 2.46625
1265.5 1.4325
1266.0 1.43125
1266.5 1.4175
1267.0 1.41125
1267.5 1.40625
1268.0 1.42375
1268.5 1.49625
1269.0 1.42125
1269.5 1.41375
1270.0 1.41625
1270.5 1.41
1271.0 1.4075
1271.5 1.4025
1272.0 1.40625
1272.5 1.47
1273.0 1.42125
1273.5 1.41625
1274.0 1.40875
1274.5 1.40875
1275.0 1.3975
1275.5 1.4025
1276.0 1.3975
1276.5 1.47125
1277.0 1.40875
1277.5 1.4125
1278.0 1.41
1278.5 1.40875
1279.0 1.3975
1279.5 1.4025
1280.0 1.39875
1280.5 1.50375
1281.0 1.415
1281.5 1.4175
1282.0 1.40875
1282.5 1.40875
1283.0 1.4025
1283.5 1.40375
1284.0 1.3975
1284.5 1.48
1285.0 1.4125
1285.5 1.405
1286.0 1.4125
1286.5 1.40375
1287.0 1.4
1287.5 1.40375
1288.0 1.4025
1288.5 1.485
1289.0 1.4125
1289.5 1.40625
1290.0 1.40375
1290.5 1.405
1291.0 1.4025
1291.5 1.40875
1292.0 1.41375
1292.5 1.48125
1293.0 1.41375
1293.5 1.405
1294.0 1.4125
1294.5 1.4025
1295.0 1.40125
1295.5 1.40625
1296.0 1.40375
1296.5 1.47625
1297.0 1.415
1297.5 1.41125
1298.0 1.41
1298.5 1.40875
1299.0 1.40375
1299.5 1.415
1300.0 1.40875
1300.5 1.48125
1301.0 1.415
1301.5 1.405
1302.0 1.40375
1302.5 1.4025
1303.0 1.40125
1303.5 1.40375
1304.0 1.40375
1304.5 1.485
1305.0 1.40875
1305.5 1.405
1306.0 1.4125
1306.5 1.4025
1307.0 1.40125
1307.5 1.41625
1308.0 1.405
1308.5 1.485
1309.0 1.41125
1309.5 1.405
1310.0 1.4125
1310.5 1.4025
1311.0 1.4
1311.5 1.40375
1312.0 1.40375
1312.5 1.475
1313.0 1.40625
1313.5 1.40375
1314.0 1.40375
1314.5 1.4025
1315.0 1.40125
1315.5 1.415
1316.0 1.41375
1316.5 1.48375
1317.0 1.40875
1317.5 1.41125
1318.0 1.40125
1318.5 1.4025
1319.0 1.40125
1319.5 1.40375
1320.0 1.40375
1320.5 1.495
1321.0 1.4175
1321.5 1.415
1322.0 1.41625
1322.5 1.415
1323.0 1.41375
1323.5 1.4125
1324.0 1.415
1324.5 1.46625
1325.0 1.41125
1325.5 1.40125
1326.0 1.4
1326.5 1.415
1327.0 1.4
1327.5 1.40375
1328.0 1.40375
1328.5 1.46625
1329.0 1.41375
1329.5 1.4125
1330.0 1.40125
1330.5 1.40125
1331.0 1.41375
1331.5 1.415
1332.0 1.40375
1332.5 1.49125
1333.0 1.41375
1333.5 1.41375
1334.0 1.40125
1334.5 1.40875
1335.0 1.4025
1335.5 1.40375
1336.0 1.40375
1336.5 1.49
1337.0 1.40125
1337.5 1.40125
1338.0 1.4
1338.5 1.40125
1339.0 1.40125
1339.5 1.4175
1340.0 1.40375
1340.5 1.47625
1341.0 1.40375
1341.5 1.41125
1342.0 1.40125
1342.5 1.4025
1343.0 1.40125
1343.5 1.4025
1344.0 1.40375
1344.5 1.51125
1345.0 1.4175
1345.5 1.41125
1346.0 1.41
1346.5 1.41125
1347.0 1.40375
1347.5 1.41125
1348.0 1.40375
1348.5 1.5275
1349.0 1.41125
1349.5 1.41875
1350.0 1.4175
1350.5 1.41625
1351.0 1.415
1351.5 1.41
1352.0 1.41
1352.5 1.4825
1353.0 1.42125
1353.5 1.41625
1354.0 1.40875
1354.5 1.42125
1355.0 1.41
1355.5 1.40625
1356.0 1.40625
1356.5 1.51125
1357.0 1.41875
1357.5 1.41
1358.0 1.40875
1358.5 1.4175
1359.0 1.4075
1359.5 1.40875
1360.0 1.40625
1360.5 1.48375
1361.0 1.42
1361.5 1.40875
1362.0 1.4175
1362.5 1.41375
1363.0 1.4125
1363.5 1.40625
1364.0 1.40625
1364.5 1.495
1365.0 1.4225
1365.5 1.41
1366.0 1.4125
1366.5 1.42
1367.0 1.41375
1367.5 1.40875
1368.0 1.40625
1368.5 1.49125
1369.0 1.41
1369.5 1.4075
1370.0 1.4225
1370.5 1.41
1371.0 1.41875
1371.5 1.40875
1372.0 1.40625
1372.5 1.49
1373.0 1.4125
1373.5 1.41625
1374.0 1.4175
1374.5 1.41875
1375.0 1.4125
1375.5 1.41125
1376.0 1.41125
1376.5 1.5075
1377.0 1.4275
1377.5 1.42375
1378.0 1.42375
1378.5 1.42
1379.0 1.4125
1379.5 1.41125
1380.0 1.41125
1380.5 1.5075
1381.0 1.425
1381.5 1.41875
1382.0 1.42125
1382.5 1.4175
1383.0 1.4125
1383.5 1.41
1384.0 1.40875
1384.5 1.49
1385.0 1.4175
1385.5 1.41875
1386.0 1.415
1386.5 1.41875
1387.0 1.4125
1387.5 1.40875
1388.0 1.4125
1388.5 1.52375
1389.0 1.41875
1389.5 1.41875
1390.0 1.4175
1390.5 1.42
1391.0 1.4125
1391.5 1.40625
1392.0 1.40375
1392.5 112.865
1393.0 2.46
1393.5 1.42125
1394.0 1.43125
1394.5 1.425
1395.0 1.41375
1395.5 1.40375
1396.0 1.42
1396.5 1.51875
1397.0 1.4225
1397.5 1.41875
1398.0 1.4125
1398.5 1.41375
1399.0 1.40625
1399.5 1.40875
1400.0 1.40875
1400.5 1.475
1401.0 1.425
1401.5 1.425
1402.0 1.4175
1402.5 1.41625
1403.0 1.4075
1403.5 1.41
1404.0 1.4025
1404.5 1.48
1405.0 1.41125
1405.5 1.42
1406.0 1.4125
1406.5 1.40625
1407.0 1.40875
1407.5 1.4075
1408.0 1.40625
1408.5 1.47125
1409.0 1.4125
1409.5 1.4175
1410.0 1.415
1410.5 1.4175
1411.0 1.4125
1411.5 1.41125
1412.0 1.41
1412.5 1.46875
1413.0 1.42125
1413.5 1.42125
1414.0 1.40625
1414.5 1.40625
1415.0 1.40375
1415.5 1.40875
1416.0 1.4125
1416.5 1.48375
1417.0 1.41375
1417.5 1.41875
1418.0 1.415
1418.5 1.41375
1419.0 1.40875
1419.5 1.4075
1420.0 1.41125
1420.5 1.48375
1421.0 1.415
1421.5 1.41875
1422.0 1.40875
1422.5 1.4075
1423.0 1.4175
1423.5 1.40875
1424.0 1.40625
1424.5 1.4875
1425.0 1.41375
1425.5 1.41375
1426.0 1.41625
1426.5 1.4175
1427.0 1.41375
1427.5 1.4075
1428.0 1.40625
1428.5 1.49375
1429.0 1.415
1429.5 1.405
1430.0 1.41625
1430.5 1.415
1431.0 1.405
1431.5 1.4075
1432.0 1.40625
1432.5 1.4925
1433.0 1.41125
1433.5 1.41375
1434.0 1.415
1434.5 1.40875
1435.0 1.4125
1435.5 1.40875
1436.0 1.40875
1436.5 1.48
1437.0 1.40375
1437.5 1.41375
1438.0 1.4125
1438.5 1.41375
1439.0 1.405
1439.5 1.40625
1440.0 1.40625
1440.5 1.48875
1441.0 1.4125
1441.5 1.4125
1442.0 1.42
1442.5 1.40625
1443.0 1.4125
1443.5 1.40875
1444.0 1.41125
1444.5 1.46875
1445.0 1.41625
1445.5 1.405
1446.0 1.40375
1446.5 1.4075
1447.0 1.40375
1447.5 1.40875
1448.0 1.40625
1448.5 1.4775
1449.0 1.40875
1449.5 1.40375
1450.0 1.41875
1450.5 1.415
1451.0 1.4125
1451.5 1.40625
1452.0 1.40875
1452.5 1.4825
1453.0 1.41375
1453.5 1.4125
1454.0 1.41
1454.5 1.405
1455.0 1.4125
1455.5 1.41
1456.0 1.40625
1456.5 1.48
1457.0 1.4125
1457.5 1.40375
1458.0 1.42125
1458.5 1.40375
1459.0 1.40375
1459.5 1.40875
1460.0 1.41
1460.5 1.47875
1461.0 1.40375
1461.5 1.40375
1462.0 1.405
1462.5 1.40875
1463.0 1.4125
1463.5 1.40875
1464.0 1.41
1464.5 1.5075
1465.0 1.4125
1465.5 1.41375
1466.0 1.4175
1466.5 1.415
1467.0 1.4125
1467.5 1.40875
1468.0 1.41125
1468.5 1.50625
1469.0 1.41875
1469.5 1.41375
1470.0 1.41375
1470.5 1.41625
1471.0 1.415
1471.5 1.4175
1472.0 1.4125
1472.5 1.50125
1473.0 1.41875
1473.5 1.41875
1474.0 1.41875
1474.5 1.42
1475.0 1.41625
1475.5 1.415
1476.0 1.4125
1476.5 1.5
1477.0 1.41375
1477.5 1.41875
1478.0 1.42125
1478.5 1.41875
1479.0 1.41625
1479.5 1.415
1480.0 1.4125
1480.5 1.515
1481.0 1.41875
1481.5 1.41875
1482.0 1.42125
1482.5 1.415
1483.0 1.41375
1483.5 1.41625
1484.0 1.4175
1484.5 1.555
1485.0 1.42
1485.5 1.41375
1486.0 1.41875
1486.5 1.41375
1487.0 1.42
1487.5 1.41625
1488.0 1.41125
1488.5 1.4875
1489.0 1.42125
1489.5 1.4175
1490.0 1.42125
1490.5 1.42625
1491.0 1.41375
1491.5 1.4175
1492.0 1.4125
1492.5 1.495
1493.0 1.41875
1493.5 1.41375
1494.0 1.42
1494.5 1.41375
1495.0 1.41375
1495.5 1.41625
1496.0 1.4125
1496.5 1.5075
1497.0 1.42625
1497.5 1.42125
1498.0 1.4175
1498.5 1.42
1499.0 1.41625
1499.5 1.41625
1500.0 1.4125
1500.5 1.54125
1501.0 1.42625
1501.5 1.42
1502.0 1.42125
1502.5 1.4175
1503.0 1.41375
1503.5 1.4175
1504.0 1.4125
1504.5 1.50625
1505.0 1.41875
1505.5 1.42125
1506.0 1.42125
1506.5 1.41875
1507.0 1.4175
1507.5 1.4175
1508.0 1.41375
1508.5 1.485
1509.0 1.42125
1509.5 1.41875
1510.0 1.41875
1510.5 1.4175
1511.0 1.41625
1511.5 1.41625
1512.0 1.4125
1512.5 1.52375
1513.0 1.41875
1513.5 1.4125
1514.0 1.41
1514.5 1.41125
1515.0 1.405
1515.5 1.41
1516.0 1.41125
1516.5 1.5075
1517.0 1.41625
1517.5 1.41625
1518.0 1.4125
1518.5 1.40375
1519.0 1.415
1519.5 1.40875
1520.0 1.4125
1520.5 113.02625
1521.0 2.48625
1521.5 1.4375
1522.0 1.4175
1522.5 1.415
1523.0 1.41125
1523.5 1.41375
1524.0 1.42
1524.5 1.48125
1525.0 1.42
1525.5 1.4175
1526.0 1.41625
1526.5 1.41625
1527.0 1.4075
1527.5 1.41
1528.0 1.41
1528.5 1.48
1529.0 1.42375
1529.5 1.41
1530.0 1.40625
1530.5 1.40875
1531.0 1.4025
1531.5 1.40375
1532.0 1.4075
1532.5 1.47375
1533.0 1.42375
1533.5 1.405
1534.0 1.4075
1534.5 1.4025
1535.0 1.40125
1535.5 1.40375
1536.0 1.4075
1536.5 1.4975
1537.0 1.42125
1537.5 1.4175
1538.0 1.41625
1538.5 1.4175
1539.0 1.415
1539.5 1.4175
1540.0 1.4125
1540.5 1.48125
1541.0 1.4175
1541.5 1.41875
1542.0 1.4175
1542.5 1.4175
1543.0 1.41375
1543.5 1.4175
1544.0 1.41375
1544.5 1.47125
1545.0 1.42125
1545.5 1.41875
1546.0 1.41625
1546.5 1.41625
1547.0 1.41375
1547.5 1.415
1548.0 1.41375
1548.5 1.48
1549.0 1.41625
1549.5 1.41875
1550.0 1.41625
1550.5 1.41625
1551.0 1.41375
1551.5 1.4175
1552.0 1.4125
1552.5 1.47125
1553.0 1.4175
1553.5 1.41875
1554.0 1.41625
1554.5 1.41625
1555.0 1.41375
1555.5 1.4125
1556.0 1.4125
1556.5 1.47625
1557.0 1.4175
1557.5 1.41875
1558.0 1.4175
1558.5 1.4175
1559.0 1.41375
1559.5 1.4175
1560.0 1.41125
1560.5 1.4675
1561.0 1.4175
1561.5 1.4175
1562.0 1.415
1562.5 1.4175
1563.0 1.41375
1563.5 1.4175
1564.0 1.4125
1564.5 1.4775
1565.0 1.41875
1565.5 1.41875
1566.0 1.4175
1566.5 1.41625
1567.0 1.41375
1567.5 1.415
1568.0 1.4125
1568.5 1.4775
1569.0 1.4175
1569.5 1.4175
1570.0 1.4175
1570.5 1.4175
1571.0 1.41375
1571.5 1.415
1572.0 1.41625
1572.5 1.48625
1573.0 1.4175
1573.5 1.41875
1574.0 1.41375
1574.5 1.41375
1575.0 1.41375
1575.5 1.4175
1576.0 1.41375
1576.5 1.4575
1577.0 1.4175
1577.5 1.4175
1578.0 1.41375
1578.5 1.4125
1579.0 1.4125
1579.5 1.41625
1580.0 1.41375
1580.5 1.48
1581.0 1.41625
1581.5 1.41375
1582.0 1.41375
1582.5 1.415
1583.0 1.41375
1583.5 1.41625
1584.0 1.41625
1584.5 1.48
1585.0 1.41375
1585.5 1.415
1586.0 1.41375
1586.5 1.41375
1587.0 1.41375
1587.5 1.415
1588.0 1.41375
1588.5 1.47625
1589.0 1.4175
1589.5 1.415
1590.0 1.41375
1590.5 1.41375
1591.0 1.41375
1591.5 1.4175
1592.0 1.41375
1592.5 1.47375
1593.0 1.41625
1593.5 1.41375
1594.0 1.41375
1594.5 1.415
1595.0 1.41375
1595.5 1.4175
1596.0 1.41625
1596.5 1.4825
1597.0 1.41875
1597.5 1.4175
1598.0 1.41625
1598.5 1.415
1599.0 1.41375
1599.5 1.4175
1600.0 1.41625
1600.5 1.47875
1601.0 1.41625
1601.5 1.42
1602.0 1.41625
1602.5 1.42125
1603.0 1.41375
1603.5 1.4175
1604.0 1.415
1604.5 1.46625
1605.0 1.41875
1605.5 1.41875
1606.0 1.415
1606.5 1.42125
1607.0 1.41375
1607.5 1.4175
1608.0 1.415
1608.5 1.48875
1609.0 1.42
1609.5 1.42125
1610.0 1.415
1610.5 1.42375
1611.0 1.42
1611.5 1.4175
1612.0 1.4175
1612.5 1.4825
1613.0 1.4225
1613.5 1.425
1614.0 1.41375
1614.5 1.4175
1615.0 1.4125
1615.5 1.4175
1616.0 1.4175
1616.5 1.4925
1617.0 1.4225
1617.5 1.4175
1618.0 1.41875
1618.5 1.42125
1619.0 1.4125
1619.5 1.4175
1620.0 1.4125
1620.5 1.48625
1621.0 1.41875
1621.5 1.42875
1622.0 1.42
1622.5 1.42125
1623.0 1.4175
1623.5 1.4175
1624.0 1.41625
1624.5 1.5175
1625.0 1.42375
1625.5 1.42
1626.0 1.41875
1626.5 1.41875
1627.0 1.415
1627.5 1.4125
1628.0 1.41375
1628.5 1.54125
1629.0 1.41875
1629.5 1.415
1630.0 1.41375
1630.5 1.4175
1631.0 1.4125
1631.5 1.4175
1632.0 1.415
1632.5 1.53
1633.0 1.42125
1633.5 1.425
1634.0 1.4225
1634.5 1.42125
1635.0 1.4125
1635.5 1.4175
1636.0 1.4125
1636.5 1.555
1637.0 1.41625
1637.5 1.42
1638.0 1.41375
1638.5 1.41625
1639.0 1.4175
1639.5 1.4175
1640.0 1.41625
1640.5 1.4825
1641.0 1.4225
1641.5 1.41375
1642.0 1.41375
1642.5 1.41375
1643.0 1.4125
1643.5 1.4175
1644.0 1.415
1644.5 1.48375
1645.0 1.42375
1645.5 1.42
1646.0 1.41875
1646.5 1.41875
1647.0 1.42
1647.5 1.4175
1648.0 1.4125
1648.5 113.66875
1649.0 2.46125
1649.5 1.44
1650.0 1.42625
1650.5 1.42875
1651.0 1.41375
1651.5 1.4175
1652.0 1.4225
1652.5 1.49125
1653.0 1.42375
1653.5 1.4175
1654.0 1.4175
1654.5 1.41375
1655.0 1.4125
1655.5 1.415
1656.0 1.4175
1656.5 1.495
1657.0 1.42875
1657.5 1.42125
1658.0 1.41625
1658.5 1.42
1659.0 1.41375
1659.5 1.4175
1660.0 1.41125
1660.5 1.48125
1661.0 1.42125
1661.5 1.42
1662.0 1.41875
1662.5 1.41875
1663.0 1.41375
1663.5 1.4175
1664.0 1.4125
1664.5 1.46625
1665.0 1.4275
1665.5 1.4175
1666.0 1.42375
1666.5 1.41875
1667.0 1.41375
1667.5 1.41625
1668.0 1.4175
1668.5 1.46375
1669.0 1.4225
1669.5 1.42
1670.0 1.4175
1670.5 1.42
1671.0 1.4125
1671.5 1.4175
1672.0 1.415
1672.5 1.51625
1673.0 1.42375
1673.5 1.4225
1674.0 1.4175
1674.5 1.41625
1675.0 1.41375
1675.5 1.41625
1676.0 1.41625
1676.5 1.475
1677.0 1.4175
1677.5 1.4225
1678.0 1.415
1678.5 1.4175
1679.0 1.415
1679.5 1.41625
1680.0 1.41375
1680.5 1.485
1681.0 1.4175
1681.5 1.42625
1682.0 1.41875
1682.5 1.4175
1683.0 1.415
1683.5 1.4175
1684.0 1.4175
1684.5 1.5
1685.0 1.4225
1685.5 1.415
1686.0 1.41625
1686.5 1.41375
1687.0 1.415
1687.5 1.415
1688.0 1.41375
1688.5 1.5
1689.0 1.415
1689.5 1.42125
1690.0 1.41625
1690.5 1.42
1691.0 1.41375
1691.5 1.4175
1692.0 1.41625
1692.5 1.485
1693.0 1.4125
1693.5 1.41375
1694.0 1.41375
1694.5 1.415
1695.0 1.41625
1695.5 1.4175
1696.0 1.4175
1696.5 1.5075
1697.0 1.4175
1697.5 1.415
1698.0 1.41375
1698.5 1.41625
1699.0 1.41375
1699.5 1.41625
1700.0 1.4175
1700.5 1.52
1701.0 1.415
1701.5 1.41375
1702.0 1.41375
1702.5 1.41375
1703.0 1.41375
1703.5 1.4175
1704.0 1.41375
1704.5 1.50125
1705.0 1.42
1705.5 1.415
1706.0 1.4175
1706.5 1.41625
1707.0 1.41375
1707.5 1.4175
1708.0 1.41375
1708.5 1.47375
1709.0 1.415
1709.5 1.41375
1710.0 1.415
1710.5 1.4175
1711.0 1.41625
1711.5 1.4175
1712.0 1.4175
1712.5 1.4825
1713.0 1.41375
1713.5 1.42
1714.0 1.41375
1714.5 1.4175
1715.0 1.41625
1715.5 1.41625
1716.0 1.4175
1716.5 1.4975
1717.0 1.41875
1717.5 1.41375
1718.0 1.42
1718.5 1.4175
1719.0 1.41625
1719.5 1.41625
1720.0 1.41375
1720.5 1.5025
1721.0 1.41625
1721.5 1.42
1722.0 1.41375
1722.5 1.41375
1723.0 1.41375
1723.5 1.4175
1724.0 1.4125
1724.5 1.5
1725.0 1.41625
1725.5 1.4175
1726.0 1.41375
1726.5 1.415
1727.0 1.41375
1727.5 1.4175
1728.0 1.4125
1728.5 1.51
1729.0 1.4175
1729.5 1.41875
1730.0 1.42
1730.5 1.41875
1731.0 1.41375
1731.5 1.4175
1732.0 1.4175
1732.5 1.48125
1733.0 1.41375
1733.5 1.42375
1734.0 1.42125
1734.5 1.41625
1735.0 1.41625
1735.5 1.4175
1736.0 1.41375
1736.5 1.46375
1737.0 1.42
1737.5 1.4225
1738.0 1.42375
1738.5 1.4225
1739.0 1.41375
1739.5 1.4175
1740.0 1.4125
1740.5 1.47
1741.0 1.4175
1741.5 1.42
1742.0 1.41375
1742.5 1.42375
1743.0 1.4125
1743.5 1.4175
1744.0 1.4125
1744.5 1.45875
1745.0 1.41375
1745.5 1.41375
1746.0 1.42
1746.5 1.415
1747.0 1.4125
1747.5 1.41875
1748.0 1.4125
1748.5 1.4975
1749.0 1.41375
1749.5 1.42
1750.0 1.42125
1750.5 1.415
1751.0 1.41125
1751.5 1.4175
1752.0 1.4125
1752.5 1.4725
1753.0 1.42875
1753.5 1.42125
1754.0 1.42375
1754.5 1.4175
1755.0 1.4125
1755.5 1.4175
1756.0 1.41375
1756.5 1.5
1757.0 1.42125
1757.5 1.42125
1758.0 1.41875
1758.5 1.41875
1759.0 1.41375
1759.5 1.415
1760.0 1.41375
1760.5 1.50125
1761.0 1.4175
1761.5 1.42125
1762.0 1.41875
1762.5 1.4175
1763.0 1.4125
1763.5 1.4175
1764.0 1.4175
1764.5 1.4775
1765.0 1.42
1765.5 1.41875
1766.0 1.41375
1766.5 1.4175
1767.0 1.4125
1767.5 1.4175
1768.0 1.41375
1768.5 1.50875
1769.0 1.41875
1769.5 1.41875
1770.0 1.41875
1770.5 1.41625
1771.0 1.41625
1771.5 1.4175
1772.0 1.415
1772.5 1.4875
1773.0 1.41375
1773.5 1.41625
1774.0 1.4125
1774.5 1.41875
1775.0 1.41625
1775.5 1.4175
1776.0 1.4125
1776.5 112.6175
1777.0 2.4725
1777.5 1.43375
1778.0 1.425
1778.5 1.43
1779.0 1.4125
1779.5 1.41625
1780.0 1.42
1780.5 1.47375
1781.0 1.42625
1781.5 1.4175
1782.0 1.41625
1782.5 1.41625
1783.0 1.4125
1783.5 1.415
1784.0 1.41625
1784.5 1.48375
1785.0 1.42375
1785.5 1.41875
1786.0 1.4175
1786.5 1.4175
1787.0 1.415
1787.5 1.415
1788.0 1.4125
1788.5 1.4925
1789.0 1.425
1789.5 1.42125
1790.0 1.4175
1790.5 1.4175
1791.0 1.41375
1791.5 1.41625
1792.0 1.41625
1792.5 1.5125
1793.0 1.4175
1793.5 1.41
1794.0 1.41625
1794.5 1.40375
1795.0 1.405
1795.5 1.405
1796.0 1.4025
1796.5 1.47375
1797.0 1.41375
1797.5 1.42
1798.0 1.4175
1798.5 1.41625
1799.0 1.4075
1799.5 1.40375
1800.0 1.40375
1800.5 1.48625
1801.0 1.41
1801.5 1.41875
1802.0 1.405
1802.5 1.4025
1803.0 1.40125
1803.5 1.40375
1804.0 1.40375
1804.5 1.4925
1805.0 1.42625
1805.5 1.41
1806.0 1.41125
1806.5 1.40625
1807.0 1.40125
1807.5 1.40375
1808.0 1.39875
1808.5 1.5
1809.0 1.4075
1809.5 1.41125
1810.0 1.41625
1810.5 1.405
1811.0 1.41375
1811.5 1.405
1812.0 1.41125
1812.5 1.485
1813.0 1.42125
1813.5 1.41875
1814.0 1.41375
1814.5 1.41875
1815.0 1.41375
1815.5 1.41125
1816.0 1.4125
1816.5 1.485
1817.0 1.41625
1817.5 1.425
1818.0 1.41375
1818.5 1.405
1819.0 1.40625
1819.5 1.40375
1820.0 1.41125
1820.5 1.47375
1821.0 1.43
1821.5 1.4225
1822.0 1.41875
1822.5 1.415
1823.0 1.41375
1823.5 1.40875
1824.0 1.415
1824.5 1.5
1825.0 1.4075
1825.5 1.41375
1826.0 1.41
1826.5 1.41625
1827.0 1.41125
1827.5 1.41125
1828.0 1.41375
1828.5 1.50125
1829.0 1.415
1829.5 1.41125
1830.0 1.405
1830.5 1.4025
1831.0 1.4125
1831.5 1.40375
1832.0 1.41125
1832.5 1.4825
1833.0 1.41625
1833.5 1.42
1834.0 1.40625
1834.5 1.40875
1835.0 1.41
1835.5 1.41
1836.0 1.41125
1836.5 1.47125
1837.0 1.4225
1837.5 1.40625
1838.0 1.40875
1838.5 1.4025
1839.0 1.39875
1839.5 1.4025
1840.0 1.415
1840.5 1.50125
1841.0 1.42
1841.5 1.41625
1842.0 1.40875
1842.5 1.40625
1843.0 1.41375
1843.5 1.40875
1844.0 1.40625
1844.5 1.48125
1845.0 1.42375
1845.5 1.41
1846.0 1.41
1846.5 1.4175
1847.0 1.41125
1847.5 1.41
1848.0 1.415
1848.5 1.47875
1849.0 1.4175
1849.5 1.41875
1850.0 1.4175
1850.5 1.40625
1851.0 1.405
1851.5 1.40625
1852.0 1.41
1852.5 1.4925
1853.0 1.425
1853.5 1.41125
1854.0 1.40125
1854.5 1.405
1855.0 1.4075
1855.5 1.4075
1856.0 1.405
1856.5 1.49
1857.0 1.4225
1857.5 1.41375
1858.0 1.41375
1858.5 1.42125
1859.0 1.41625
1859.5 1.40875
1860.0 1.40625
1860.5 1.50875
1861.0 1.425
1861.5 1.40875
1862.0 1.40875
1862.5 1.41
1863.0 1.41375
1863.5 1.40625
1864.0 1.40625
1864.5 1.46625
1865.0 1.4125
1865.5 1.4125
1866.0 1.415
1866.5 1.41375
1867.0 1.4125
1867.5 1.40625
1868.0 1.40375
1868.5 1.525
1869.0 1.42
1869.5 1.41875
1870.0 1.4225
1870.5 1.42
1871.0 1.41625
1871.5 1.405
1872.0 1.41
1872.5 1.4975
1873.0 1.41
1873.5 1.425
1874.0 1.41
1874.5 1.40875
1875.0 1.40625
1875.5 1.40875
1876.0 1.4025
1876.5 1.5025
1877.0 1.42875
1877.5 1.4075
1878.0 1.41375
1878.5 1.41
1879.0 1.4075
1879.5 1.40375
1880.0 1.405
1880.5 1.5125
1881.0 1.42375
1881.5 1.41
1882.0 1.41875
1882.5 1.415
1883.0 1.40625
1883.5 1.405
1884.0 1.4075
1884.5 1.53125
1885.0 1.42875
1885.5 1.42125
1886.0 1.4075
1886.5 1.40875
1887.0 1.40625
1887.5 1.40875
1888.0 1.40625
1888.5 1.4925
1889.0 1.4075
1889.5 1.40875
1890.0 1.4175
1890.5 1.4175
1891.0 1.4125
1891.5 1.40875
1892.0 1.405
1892.5 1.5
1893.0 1.42875
1893.5 1.41625
1894.0 1.41375
1894.5 1.4175
1895.0 1.4125
1895.5 1.41
1896.0 1.41
1896.5 1.48625
1897.0 1.41
1897.5 1.40875
1898.0 1.4125
1898.5 1.41625
1899.0 1.415
1899.5 1.40875
1900.0 1.40625
1900.5 1.48375
1901.0 1.4225
1901.5 1.40875
1902.0 1.40875
1902.5 1.40875
1903.0 1.4075
1903.5 1.40625
1904.0 1.40625
1904.5 116.45375
1905.0 2.43625
1905.5 1.43125
1906.0 1.4225
1906.5 1.41375
1907.0 1.40875
1907.5 1.40375
1908.0 1.4125
1908.5 1.49625
1909.0 1.42375
1909.5 1.405
1910.0 1.40375
1910.5 1.4075
1911.0 1.40125
1911.5 1.4025
1912.0 1.405
1912.5 1.5075
1913.0 1.41875
1913.5 1.42875
1914.0 1.4075
1914.5 1.40875
1915.0 1.41
1915.5 1.40375
1916.0 1.4025
1916.5 1.4775
1917.0 1.42625
1917.5 1.42125
1918.0 1.42
1918.5 1.41
1919.0 1.40125
1919.5 1.40375
1920.0 1.40625
1920.5 1.46
1921.0 1.42
1921.5 1.41875
1922.0 1.40625
1922.5 1.4175
1923.0 1.4075
1923.5 1.40375
1924.0 1.405
1924.5 1.48125
1925.0 1.4225
1925.5 1.41
1926.0 1.41
1926.5 1.40625
1927.0 1.40375
1927.5 1.40625
1928.0 1.405
1928.5 1.48625
1929.0 1.41125
1929.5 1.41
1930.0 1.40875
1930.5 1.41
1931.0 1.40375
1931.5 1.40625
1932.0 1.405
1932.5 1.5
1933.0 1.41375
1933.5 1.40625
1934.0 1.41
1934.5 1.41125
1935.0 1.40625
1935.5 1.40375
1936.0 1.40125
1936.5 1.45375
1937.0 1.415
1937.5 1.41
1938.0 1.4125
1938.5 1.405
1939.0 1.40375
1939.5 1.40375
1940.0 1.4025
1940.5 1.45125
1941.0 1.41375
1941.5 1.40125
1942.0 1.40125
1942.5 1.405
1943.0 1.41375
1943.5 1.40625
1944.0 1.40625
1944.5 1.455
1945.0 1.4025
1945.5 1.41625
1946.0 1.405
1946.5 1.40375
1947.0 1.4
1947.5 1.405
1948.0 1.405
1948.5 1.45875
1949.0 1.405
1949.5 1.40875
1950.0 1.4025
1950.5 1.40125
1951.0 1.40125
1951.5 1.40375
1952.0 1.40125
1952.5 1.45375
1953.0 1.4025
1953.5 1.405
1954.0 1.40875
1954.5 1.4025
1955.0 1.41125
1955.5 1.41
1956.0 1.41125
1956.5 1.49125
1957.0 1.42125
1957.5 1.41375
1958.0 1.41
1958.5 1.4175
1959.0 1.41375
1959.5 1.41
1960.0 1.41
1960.5 1.4575
1961.0 1.41375
1961.5 1.405
1962.0 1.405
1962.5 1.405
1963.0 1.4025
1963.5 1.40375
1964.0 1.40875
1964.5 1.4825
1965.0 1.4025
1965.5 1.40625
1966.0 1.40375
1966.5 1.4025
1967.0 1.405
1967.5 1.405
1968.0 1.405
1968.5 1.4625
1969.0 1.41875
1969.5 1.405
1970.0 1.40375
1970.5 1.4025
1971.0 1.40625
1971.5 1.40375
1972.0 1.40125
1972.5 1.4725
1973.0 1.405
1973.5 1.42
1974.0 1.42
1974.5 1.40625
1975.0 1.40375
1975.5 1.40875
1976.0 1.41
1976.5 1.47125
1977.0 1.41125
1977.5 1.41625
1978.0 1.405
1978.5 1.40375
1979.0 1.40375
1979.5 1.4075
1980.0 1.41
1980.5 1.4825
1981.0 1.4125
1981.5 1.40625
1982.0 1.40375
1982.5 1.4075
1983.0 1.40125
1983.5 1.40625
1984.0 1.4125
1984.5 1.48625
1985.0 1.41875
1985.5 1.41
1986.0 1.42
1986.5 1.41875
1987.0 1.41
1987.5 1.40625
1988.0 1.405
1988.5 1.49375
1989.0 1.41
1989.5 1.40875
1990.0 1.40875
1990.5 1.40875
1991.0 1.41
1991.5 1.405
1992.0 1.405
1992.5 1.47
1993.0 1.4175
1993.5 1.40875
1994.0 1.40875
1994.5 1.4075
1995.0 1.40625
1995.5 1.405
1996.0 1.4025
1996.5 1.4925
1997.0 1.40875
1997.5 1.42125
1998.0 1.40875
1998.5 1.40875
1999.0 1.4125
1999.5 1.4075
2000.0 1.405
2000.5 1.54875
2001.0 1.42
2001.5 1.4175
2002.0 1.40875
2002.5 1.40875
2003.0 1.40625
2003.5 1.40375
2004.0 1.405
2004.5 1.47375
2005.0 1.41875
2005.5 1.4175
2006.0 1.415
2006.5 1.4175
2007.0 1.4075
2007.5 1.40375
2008.0 1.40125
2008.5 1.475
2009.0 1.41
2009.5 1.4325
2010.0 1.41
2010.5 1.40875
2011.0 1.40625
2011.5 1.40375
2012.0 1.4025
2012.5 1.49375
2013.0 1.40875
2013.5 1.40875
2014.0 1.4125
2014.5 1.40875
2015.0 1.40875
2015.5 1.40625
2016.0 1.4175
2016.5 1.46625
2017.0 1.425
2017.5 1.40875
2018.0 1.41625
2018.5 1.4075
2019.0 1.415
2019.5 1.4075
2020.0 1.405
2020.5 1.465
2021.0 1.42625
2021.5 1.4075
2022.0 1.4125
2022.5 1.41
2023.0 1.40875
2023.5 1.40625
2024.0 1.40875
2024.5 1.48625
2025.0 1.4175
2025.5 1.4075
2026.0 1.40875
2026.5 1.4175
2027.0 1.4075
2027.5 1.40625
2028.0 1.4075
2028.5 1.5025
2029.0 1.42
2029.5 1.4125
2030.0 1.4175
2030.5 1.4125
2031.0 1.41125
2031.5 1.40375
2032.0 1.39875
2032.5 107.985
2033.0 2.48125
2033.5 1.43
2034.0 1.425
2034.5 1.42625
2035.0 1.40125
2035.5 1.40625
2036.0 1.41125
2036.5 1.5
2037.0 1.42375
2037.5 1.41875
2038.0 1.40875
2038.5 1.4025
2039.0 1.41
2039.5 1.4025
2040.0 1.4025
2040.5 1.48875
2041.0 1.40875
2041.5 1.42
2042.0 1.4075
2042.5 1.4025
2043.0 1.41625
2043.5 1.40375
2044.0 1.40625
2044.5 1.47375
2045.0 1.42375
2045.5 1.405
2046.0 1.40375
2046.5 1.40875
2047.0 1.405
2047.5 1.40375
2048.0 1.41
