4096 38306934
8192 38399166
12288 38477538
16384 38367366
20480 38463354
24576 38455140
28672 38330778
32768 38354304
36864 38407236
40960 38374818
45056 38438310
49152 38333136
53248 38336118
57344 38408034
61440 38425002
65536 38421336
69632 28930416
73728 28833780
77824 28884738
81920 38414652
86016 38335584
90112 38379468
94208 38385498
98304 28941186
102400 28951494
106496 28769490
110592 28889730
114688 28877934
118784 28874976
122880 28972554
126976 38412156
131072 38410134
135168 38349378
139264 38440482
143360 38447790
147456 38420568
151552 38414280
155648 29036844
159744 28984524
163840 28971018
167936 28850184
172032 28930224
176128 28901250
180224 28855416
184320 28879824
188416 28894452
192512 38403252
196608 28957416
200704 28886856
204800 28836996
208896 28840248
212992 28904058
217088 28862538
221184 28955412
225280 28844748
229376 28932300
233472 28878360
237568 38315412
241664 38427606
245760 38460552
249856 38461560
253952 38330325
258048 38358861
262144 28909680
266240 28915848
270336 28845102
274432 28899582
278528 28863114
282624 28963104
286720 28870950
290816 28911738
294912 38475222
299008 38351586
303104 28804860
307200 28877556
311296 28879230
315392 28873362
319488 28837128
323584 28767972
327680 28909872
331776 28883928
335872 38399796
339968 38418696
344064 38416788
348160 38447172
352256 38397516
356352 38355468
360448 38356266
364544 38293626
368640 38307816
372736 38437206
376832 28911000
380928 28854042
385024 28917654
389120 28813248
393216 28899516
397312 28928904
401408 38420208
405504 38403054
409600 28935246
413696 28872396
417792 28866168
421888 28778712
425984 28822140
430080 28771338
434176 28939404
438272 28805136
442368 38397312
446464 38374008
450560 38347626
454656 38396916
458752 38425356
462848 38407512
466944 38354364
471040 38392722
475136 38340198
479232 38230398
483328 28935504
487424 28925646
491520 28822758
495616 28923138
499712 28969818
503808 28959234
507904 38360856
512000 38436942
516096 28927920
520192 38429838
524288 28891434
528384 28937562
532480 28913886
536576 28989162
540672 28984860
544768 28872696
548864 38463282
552960 38438610
557056 38437998
561152 38460858
565248 38383080
569344 28933116
573440 28869528
577536 28922832
581632 28964274
585728 28944828
589824 28895658
593920 28888818
598016 28834908
602112 28888740
606208 38494278
610304 38417208
614400 28989378
618496 28921308
622592 29028720
626688 28984872
630784 29479836
634880 28862460
638976 28991262
643072 28943004
647168 28925592
651264 28906044
655360 38371350
659456 38399568
663552 38442114
667648 28879656
671744 29160114
675840 28989246
679936 28966746
684032 29048226
688128 28860420
692224 28927008
696320 28917828
700416 28918086
704512 28847706
708608 28941030
712704 38491290
716800 38441460
720896 38388996
724992 28812222
729088 29571378
733184 28879386
737280 28842540
741376 28846098
745472 28935114
749568 28928664
753664 28872516
757760 28844316
761856 38416950
765952 28971582
770048 28968564
774144 28963938
778240 29008302
782336 28875678
786432 38354094
790528 28910406
794624 29068080
798720 28885980
802816 28949496
806912 28954374
811008 28876878
815104 38372340
819200 38444766
823296 38405382
827392 38499432
831488 28875450
835584 28977408
839680 28956054
843776 28905762
847872 28957812
851968 28913430
856064 29024472
860160 28955034
864256 28951992
868352 28963632
872448 28956198
876544 28959504
880640 38404440
884736 38386560
888832 38407512
892928 38426058
897024 38410356
901120 38468460
905216 28861092
909312 28881300
913408 28952556
917504 28875144
921600 28924518
925696 28973994
929792 28804752
933888 28991982
937984 28814574
942080 28907244
946176 28877826
950272 28913214
954368 28907952
958464 28938420
962560 28918350
966656 28990086
970752 29042124
974848 38398398
978944 38416224
983040 38338608
987136 38472924
991232 38406018
995328 38374782
999424 38449176
1003520 38390442
1007616 28873188
1011712 28864290
1015808 28869330
1019904 28922076
1024000 28948530
1028096 28868148
1032192 38368248
1036288 38378298
1040384 28892340
1044480 28895760
1048576 28884030
1052672 28855470
1056768 28909566
1060864 28844478
1064960 28950372
1069056 29080116
1073152 29146002
1077248 28811010
1081344 29055882
1085440 38490066
1089536 38441784
1093632 38344944
1097728 38407230
1101824 38395530
1105920 38347878
1110016 38367306
1114112 28989270
1118208 28918800
1122304 28987278
1126400 28938108
1130496 28923861
1134592 28901952
1138688 28977774
1142784 28961394
1146880 28896288
1150976 28929582
1155072 28947066
1159168 28928670
1163264 28859460
1167360 28891692
1171456 28848702
1175552 28903098
1179648 28951068
1183744 28889196
1187840 28823382
1191936 28927182
1196032 38362458
1200128 38402022
1204224 38366556
1208320 38398290
1212416 38378292
1216512 38321898
1220608 28853298
1224704 28929438
1228800 28939374
1232896 28910898
1236992 28984920
1241088 28926780
1245184 38397000
1249280 38355468
1253376 28890858
1257472 28786302
1261568 28813296
1265664 28903674
1269760 28874814
1273856 28898376
1277952 28881882
1282048 28868052
1286144 28965186
1290240 28932276
1294336 28998756
1298432 38369004
1302528 38416854
1306624 38224296
1310720 38491410
1314816 38456538
1318912 28953426
1323008 29006772
1327104 28925928
1331200 28947384
1335296 28820400
1339392 28984140
1343488 28908132
1347584 38335530
1351680 38511318
1355776 38404638
1359872 29152737
1363968 28929288
1368064 28928274
1372160 28904232
1376256 28916454
1380352 28871490
1384448 28883406
1388544 28924266
1392640 28956504
1396736 29028870
1400832 28875618
1404928 38387424
1409024 38423067
1413120 28927338
1417216 29029056
1421312 28929660
1425408 28869138
1429504 28990425
1433600 28827930
1437696 28895016
1441792 28730934
1445888 28900122
1449984 38357550
1454080 38410344
1458176 38375730
1462272 38254968
1466368 38412684
1470464 38371188
1474560 28926330
1478656 28899348
1482752 28844352
1486848 28860438
1490944 28870326
1495040 28913406
1499136 28894752
1503232 28990416
1507328 29053752
1511424 28853772
1515520 28830816
1519616 28984266
1523712 28944660
1527808 28919736
1531904 38405808
1536000 28944696
1540096 29060574
1544192 28961418
1548288 28905600
1552384 28870656
1556480 38413386
1560576 38440746
1564672 38433462
1568768 38421978
1572864 38449776
1576960 38442516
1581056 28909416
1585152 28861698
1589248 28893690
1593344 28926786
1597440 28924704
1601536 28916982
1605632 28951560
1609728 28928004
1613824 28912596
1617920 28883964
1622016 28899858
1626112 38316120
1630208 38451144
1634304 38365680
1638400 28902678
1642496 28891362
1646592 28846488
1650688 28966932
1654784 29004000
1658880 28921698
1662976 38370414
1667072 38410362
1671168 38420304
1675264 38414814
1679360 38435340
1683456 38456274
1687552 28940310
1691648 28889052
1695744 28860198
1699840 28912956
1703936 28906308
1708032 28853862
1712128 28906338
1716224 28887402
1720320 38400264
1724416 38462622
1728512 38445216
1732608 38457606
1736704 38404788
1740800 38454690
1744896 38319894
1748992 38451288
1753088 28930464
1757184 28986810
1761280 28919832
1765376 28870920
1769472 38323302
1773568 38408958
1777664 38444970
1781760 38377656
1785856 38432406
1789952 28922172
1794048 28901610
1798144 28916142
1802240 28902522
1806336 28862256
1810432 28963062
1814528 28968594
1818624 29001570
1822720 28866528
1826816 29058924
1830912 28918200
1835008 38391630
1839104 38482206
1843200 38412780
1847296 38415000
1851392 38404716
1855488 28911204
1859584 28976190
1863680 28964538
1867776 28910310
1871872 38378550
1875968 38346588
1880064 38390460
1884160 28972416
1888256 28949646
1892352 28832532
1896448 28942080
1900544 28913622
1904640 28897746
1908736 28937730
1912832 28880892
1916928 28811520
1921024 28868154
1925120 28976700
1929216 28946976
1933312 28837566
1937408 28984014
1941504 38401380
1945600 38450292
1949696 38390640
1953792 38392500
1957888 38449404
1961984 28910730
1966080 28915704
1970176 29011248
1974272 28922886
1978368 28998450
1982464 28829652
1986560 28997400
1990656 29040408
1994752 28873614
1998848 38367600
2002944 28877436
2007040 29019174
2011136 28961652
2015232 29062020
2019328 28924080
2023424 28904106
2027520 28839096
2031616 28988550
2035712 28876878
2039808 28888044
2043904 28980744
2048000 38436090
2052096 38462562
2056192 38258832
2060288 38405304
2064384 28917270
2068480 28997088
2072576 28844616
2076672 28919610
2080768 29065338
2084864 28877544
2088960 28723698
2093056 38377278
2097152 38403270
2101248 38404908
2105344 38434488
2109440 28895958
2113536 28920666
2117632 28844964
2121728 28904844
2125824 28927950
2129920 28974948
2134016 28917564
2138112 38327964
2142208 38413650
2146304 29158341
2150400 28910286
2154496 28916130
2158592 28964052
2162688 28851996
2166784 28983534
2170880 28907364
2174976 28989774
2179072 28857840
2183168 28955256
2187264 29002782
2191360 38495286
2195456 38447004
2199552 38425008
2203648 38384478
2207744 38386158
2211840 28986000
2215936 28985064
2220032 28869540
2224128 28952112
2228224 29011512
2232320 28971510
2236416 28868796
2240512 28989276
2244608 38374608
2248704 28861548
2252800 28850802
2256896 28940988
2260992 28951098
2265088 28887168
2269184 28890618
2273280 28858722
2277376 29018844
2281472 28920120
2285568 28949298
2289664 28920780
2293760 38380284
2297856 38421372
2301952 38419914
2306048 38454330
2310144 38422944
2314240 28922118
2318336 28909314
2322432 28867182
2326528 28852980
2330624 28980798
2334720 28920468
2338816 28981272
2342912 28938216
2347008 38422770
2351104 38389608
2355200 28910466
2359296 28983540
2363392 28877094
2367488 28973640
2371584 28858218
2375680 28862886
2379776 28910532
2383872 28872648
2387968 29012136
2392064 28993386
2396160 38447316
2400256 38404176
2404352 38429262
2408448 38389644
2412544 38457738
2416640 38435400
2420736 28917360
2424832 28939290
2428928 28974306
2433024 28903242
2437120 28908672
2441216 28898742
2445312 28874604
2449408 28863714
2453504 28953294
2457600 28967844
2461696 28956240
2465792 28983876
2469888 28935492
2473984 28854846
2478080 28842876
2482176 28871868
2486272 28686483
2490368 28978122
2494464 28909170
2498560 28997268
2502656 28881312
2506752 28949508
2510848 38413248
2514944 38495448
2519040 38388912
2523136 38454264
2527232 28907622
2531328 28998366
2535424 28995330
2539520 28925310
2543616 28934772
2547712 28874736
2551808 28941426
2555904 28935300
2560000 28914204
2564096 38384490
2568192 28870086
2572288 28904958
2576384 28943478
2580480 29035410
2584576 28822746
2588672 28885038
2592768 28944636
2596864 28956522
2600960 28916064
2605056 28958652
2609152 29000628
2613248 38330856
2617344 28972980
2621440 28940640
2625536 38456778
2629632 28889274
2633728 28946172
2637824 28925070
2641920 28951188
2646016 28888512
2650112 28924764
2654208 28912116
2658304 28908702
2662400 28967496
2666496 28978422
2670592 29003172
2674688 29001696
2678784 28877664
2682880 29004714
2686976 28987914
2691072 28921206
2695168 28831068
2699264 28957650
2703360 28909794
2707456 28996770
2711552 28946424
2715648 29007762
2719744 38434644
2723840 29372778
2727936 28974552
2732032 28924836
2736128 28974516
2740224 28868862
2744320 38374596
2748416 28959600
2752512 28849944
2756608 28905828
2760704 29000694
2764800 28848192
2768896 28970565
2772992 28935744
2777088 38393556
2781184 38409462
2785280 28921716
2789376 28917900
2793472 28976502
2797568 28920504
2801664 28883106
2805760 28857066
2809856 28917294
2813952 28567050
2818048 28818708
2822144 29006082
2826240 29004996
2830336 28950036
2834432 28935108
2838528 38343516
2842624 38410002
2846720 38351118
2850816 38383590
2854912 28814844
2859008 28941210
2863104 28950006
2867200 28883862
2871296 28870464
2875392 28878174
2879488 28912902
2883584 28918356
2887680 28913232
2891776 38417274
2895872 28790304
2899968 28984980
2904064 28816344
2908160 28859244
2912256 28911936
2916352 28972734
2920448 28804326
2924544 28844262
2928640 28973784
2932736 28962732
2936832 38443140
2940928 38348460
2945024 38431266
2949120 38408604
2953216 38279583
2957312 38310822
2961408 28875813
2965504 28996548
2969600 28855734
2973696 28697520
2977792 28908630
2981888 28939182
2985984 28908768
2990080 28923426
2994176 29620464
2998272 29081580
3002368 28916484
3006464 28958262
3010560 28908732
3014656 28879095
3018752 28872786
3022848 28928922
3026944 28921614
3031040 28957368
3035136 38390052
3039232 38350716
3043328 38305071
3047424 38446332
3051520 38363514
3055616 38276391
3059712 38343936
3063808 38493858
3067904 28858422
3072000 38385768
3076096 28956480
3080192 28895046
3084288 28962756
3088384 28992666
3092480 28815546
3096576 38456466
3100672 28959684
3104768 28929252
3108864 28925856
3112960 28873908
3117056 28930968
3121152 28908768
3125248 28897644
3129344 29056062
3133440 28985328
3137536 38389992
3141632 38488212
3145728 38453064
3149824 38442906
3153920 38442606
3158016 38330046
3162112 38407170
3166208 38409816
3170304 38291898
3174400 38471592
3178496 28957278
3182592 28940520
3186688 28851744
3190784 29027385
3194880 28965570
3198976 28851690
3203072 28928604
3207168 28908726
3211264 28932312
3215360 28988748
3219456 28827570
3223552 28883220
3227648 28855062
3231744 28952508
3235840 28911666
3239936 28889070
3244032 38383932
3248128 38398752
3252224 38405832
3256320 38425446
3260416 38350842
3264512 38340306
3268608 38398728
3272704 38380020
3276800 38417886
3280896 38362818
3284992 28920192
3289088 28954776
3293184 28913166
3297280 28880448
3301376 28936368
3305472 28886640
3309568 38387634
3313664 28915650
3317760 28907430
3321856 28970148
3325952 28880076
3330048 28958298
3334144 28817160
3338240 28915212
3342336 28844436
3346432 38419002
3350528 38415846
3354624 38427402
3358720 38481048
3362816 38386830
3366912 38354880
3371008 38331174
3375104 38423436
3379200 28960002
3383296 28990644
3387392 28893258
3391488 28850478
3395584 28836480
3399680 28913178
3403776 28884840
3407872 28907076
3411968 28903668
3416064 38460984
3420160 38525682
3424256 28967598
3428352 28932342
3432448 28924434
3436544 28981638
3440640 28794018
3444736 28950750
3448832 28983654
3452928 38398164
3457024 38322780
3461120 38386314
3465216 38454420
3469312 38341956
3473408 28875336
3477504 29057112
3481600 28954224
3485696 28920462
3489792 28984422
3493888 28799070
3497984 28860378
3502080 28864332
3506176 28863294
3510272 28860234
3514368 28864374
3518464 28972884
3522560 28927164
3526656 28995462
3530752 38384724
3534848 28805028
3538944 28920852
3543040 28920036
3547136 28845540
3551232 28919748
3555328 28853766
3559424 28883904
3563520 38391036
3567616 38381586
3571712 38348742
3575808 29037510
3579904 29001810
3584000 28949286
3588096 29621634
3592192 38384934
3596288 38372652
3600384 28972470
3604480 28898286
3608576 28966722
3612672 28852152
3616768 28911546
3620864 28902738
3624960 28923486
3629056 28937406
3633152 28983120
3637248 28909590
3641344 28825002
3645440 28887723
3649536 28862268
3653632 28914744
3657728 28899438
3661824 28936626
3665920 28938066
3670016 28945344
3674112 29571408
3678208 29030736
3682304 38370570
3686400 38416296
3690496 38395554
3694592 38455536
3698688 38331996
3702784 38472660
3706880 29004840
3710976 29037048
3715072 28960998
3719168 28852230
3723264 28840878
3727360 28898844
3731456 29010498
3735552 28885866
3739648 28935366
3743744 28852080
3747840 28956774
3751936 28910460
3756032 28865688
3760128 28865046
3764224 28877226
3768320 28936842
3772416 38312058
3776512 38451612
3780608 38432790
3784704 38398914
3788800 38501910
3792896 38417238
3796992 38428158
3801088 38387184
3805184 38373006
3809280 38409552
3813376 28944012
3817472 28806744
3821568 28943844
3825664 28903584
3829760 28937796
3833856 28969860
3837952 28895064
3842048 29023122
3846144 28919364
3850240 28928202
3854336 28886670
3858432 28918986
3862528 28912536
3866624 28960320
3870720 28957998
3874816 28871910
3878912 38350740
3883008 38344206
3887104 38438244
3891200 38362284
3895296 38341656
3899392 38374110
3903488 38408070
3907584 38387682
3911680 38444664
3915776 38430276
3919872 28919076
3923968 28949532
3928064 28895418
3932160 28879644
3936256 28828620
3940352 28886562
3944448 28880160
3948544 28927542
3952640 28884960
3956736 28951620
3960832 28896870
3964928 28880118
3969024 28924098
3973120 28830816
3977216 28955382
3981312 38474574
3985408 38431080
3989504 38350182
3993600 38486436
3997696 38374320
4001792 38372736
4005888 38410962
4009984 38331846
4014080 38451150
4018176 38397630
4022272 38459496
4026368 29059746
4030464 28836960
4034560 28946280
4038656 28891272
4042752 28932258
4046848 28960308
4050944 28987254
4055040 28868088
4059136 29001054
4063232 38312556
4067328 28969440
4071424 28903962
4075520 28879938
4079616 28900830
4083712 28885974
4087808 28902366
4091904 38431308
4096000 38408922
4100096 38440350
4104192 38366748
4108288 38447394
4112384 38345256
4116480 38452206
4120576 38378538
4124672 28851018
4128768 28970568
4132864 28959984
4136960 28930728
4141056 28951026
4145152 28836288
4149248 28893384
4153344 28800660
4157440 28852830
4161536 28870632
4165632 28963956
4169728 28914408
4173824 28868328
4177920 28824276
4182016 28923222
4186112 28878420
4190208 28840914
4194304 38322474
4198400 38385126
4202496 38416440
4206592 38415972
4210688 38375964
4214784 38418864
4218880 29035170
4222976 29023452
4227072 28975440
4231168 28902894
4235264 28839924
4239360 38395704
4243456 38372598
4247552 28912086
4251648 28996962
4255744 28934880
4259840 28782678
4263936 28881816
4268032 28950000
4272128 28877682
4276224 38440254
4280320 38432796
4284416 28908654
4288512 28874112
4292608 28960902
4296704 28906824
4300800 28866540
4304896 28880520
4308992 38349084
4313088 38417820
4317184 38317794
4321280 28920678
4325376 28950120
4329472 28909560
4333568 28915434
4337664 29015748
4341760 38408088
4345856 28867674
4349952 29047860
4354048 29053170
4358144 28835718
4362240 28799532
4366336 28948122
4370432 28984308
4374528 28884942
4378624 28943562
4382720 38424210
4386816 38373468
4390912 29068086
4395008 28867698
4399104 28953558
4403200 28957500
4407296 28892532
4411392 28926300
4415488 28946142
4419584 28909164
4423680 28986960
4427776 29164416
4431872 38450136
4435968 38396664
4440064 28822524
4444160 29001864
4448256 28834050
4452352 28980744
4456448 29005434
4460544 36133932
4464640 29181996
4468736 29561460
4472832 28955574
4476928 28971936
4481024 28893120
4485120 28961868
4489216 38335290
4493312 38402952
4497408 28889802
4501504 28984494
4505600 28948578
4509696 28893264
4513792 28866618
4517888 28895244
4521984 28918974
4526080 38412570
4530176 38462832
4534272 28919622
4538368 29038380
4542464 28949988
4546560 29075586
4550656 29003994
4554752 38451666
4558848 38401848
4562944 38471736
4567040 38487852
4571136 28992456
4575232 28864584
4579328 28929150
4583424 28947120
4587520 29129466
4591616 28788954
4595712 38360442
4599808 29091216
4603904 28870350
4608000 28877838
4612096 28919340
4616192 28847406
4620288 28907466
4624384 28886898
4628480 38312040
4632576 28930122
4636672 28952262
4640768 29020458
4644864 28942482
4648960 29029350
4653056 38401008
4657152 38438460
4661248 38362950
4665344 38413086
4669440 28953846
4673536 28973130
4677632 28852938
4681728 28785378
4685824 28898208
4689920 28875258
4694016 28828938
4698112 28891500
4702208 29000652
4706304 28953444
4710400 28946286
4714496 28907742
4718592 28889856
4722688 28969608
4726784 28868850
4730880 28870338
4734976 28863456
4739072 28956984
4743168 28946490
4747264 38448030
4751360 38364576
4755456 38356998
4759552 38426022
4763648 38427114
4767744 38366712
4771840 38322288
4775936 38411466
4780032 28938210
4784128 28837488
4788224 28860306
4792320 28945662
4796416 28937862
4800512 28808604
4804608 28921194
4808704 28966308
4812800 38376192
4816896 28956390
4820992 28853508
4825088 28928862
4829184 28791198
4833280 28974900
4837376 28866960
4841472 38431680
4845568 38410770
4849664 38387370
4853760 38417178
4857856 38327346
4861952 38457594
4866048 38429472
4870144 38388096
4874240 38325948
4878336 38414592
4882432 28907826
4886528 28877724
4890624 28829580
4894720 28822104
4898816 28939092
4902912 28955106
4907008 28945002
4911104 28902666
4915200 28997580
4919296 28996380
4923392 28986714
4927488 38330058
4931584 28918218
4935680 28913232
4939776 29058480
4943872 28900248
4947968 28918218
4952064 28954710
4956160 38332344
4960256 38438112
4964352 38385228
4968448 38418666
4972544 38423310
4976640 38367600
4980736 38481252
4984832 38350812
4988928 38418714
4993024 28788018
4997120 28882884
5001216 28924662
5005312 28909584
5009408 28870470
5013504 28891110
5017600 28940064
5021696 28915890
5025792 28868100
5029888 38461398
5033984 38395332
5038080 28971960
5042176 28939230
5046272 28930140
5050368 28934382
5054464 28838586
5058560 38413506
5062656 38430702
5066752 38387286
5070848 38405358
5074944 38358102
5079040 38410110
5083136 38399010
5087232 38432676
5091328 38326962
5095424 28968996
5099520 28938156
5103616 28813944
5107712 28952490
5111808 28884762
5115904 28894146
5120000 28910904
5124096 28801290
5128192 28907442
5132288 28888224
5136384 38416260
5140480 38447196
5144576 29053212
5148672 28959918
5152768 28906914
5156864 28918308
5160960 38436756
5165056 38459604
5169152 38272374
5173248 38417994
5177344 38391540
5181440 38355798
5185536 28884516
5189632 28954701
5193728 28963074
5197824 28956348
5201920 29011638
5206016 38405442
5210112 29007798
5214208 28922412
5218304 28933854
5222400 28954116
5226496 28838742
5230592 28918338
5234688 29051700
5238784 28772226
5242880 38439048
5246976 38496834
5251072 28853778
5255168 29008704
5259264 28898706
5263360 28956168
5267456 38427144
5271552 38426454
5275648 38392356
5279744 28942686
5283840 28907652
5287936 28960110
5292032 28935096
5296128 28951674
5300224 28808634
5304320 38437452
5308416 38349144
5312512 38383356
5316608 28917168
5320704 28887240
5324800 28921662
5328896 28878954
5332992 28913256
5337088 28898634
5341184 28959324
5345280 28946460
5349376 38424138
5353472 28950978
5357568 28941420
5361664 28871040
5365760 28993122
5369856 28970940
5373952 28912122
5378048 28715790
5382144 28877760
5386240 28924068
5390336 29007750
5394432 28867872
5398528 38336778
5402624 38386068
5406720 38445990
5410816 38434836
5414912 38331336
5419008 38397852
5423104 28927992
5427200 28974486
5431296 28910532
5435392 28876362
5439488 28919778
5443584 28900428
5447680 29599638
5451776 38448960
5455872 29015340
5459968 28980492
5464064 29013018
5468160 28847724
5472256 28855770
5476352 28833402
5480448 28935132
5484544 28956936
5488640 28835202
5492736 38483442
5496832 38448720
5500928 38434212
5505024 38403390
5509120 38421132
5513216 38350740
5517312 38436168
5521408 38369292
5525504 38405190
5529600 38374176
5533696 28943388
5537792 28845108
5541888 28927854
5545984 28885182
5550080 28916568
5554176 38411052
5558272 28926552
5562368 28896468
5566464 28911756
5570560 28901208
5574656 28932756
5578752 28984266
5582848 28883658
5586944 38492256
5591040 38416446
5595136 38432550
5599232 38492652
5603328 38424756
5607424 38409036
5611520 38379252
5615616 38372796
5619712 38369172
5623808 38437242
5627904 38410026
5632000 38420202
5636096 38328990
5640192 38476680
5644288 28973928
5648384 28881108
5652480 28833528
5656576 28825416
5660672 28904586
5664768 28866186
5668864 28826742
5672960 28903488
5677056 28914042
5681152 28961016
5685248 28929018
5689344 28949910
5693440 28871352
5697536 28969758
5701632 38467524
5705728 38296092
5709824 38428590
5713920 38487210
5718016 38461482
5722112 38357886
5726208 38325060
5730304 38341404
5734400 38423676
5738496 38394252
5742592 38470764
5746688 38440758
5750784 28855764
5754880 28827462
5758976 28833612
5763072 28850712
5767168 28964202
5771264 28927848
5775360 28902306
5779456 38373564
5783552 28880820
5787648 28958184
5791744 28918248
5795840 28998198
5799936 28965006
5804032 28923906
5808128 38390508
5812224 38453550
5816320 38443530
5820416 38387760
5824512 38417460
5828608 38347542
5832704 38381592
5836800 38447616
5840896 28935372
5844992 28969644
5849088 28910496
5853184 28873176
5857280 28877532
5861376 28915680
5865472 28939296
5869568 28818492
5873664 28837152
5877760 28896672
5881856 38409840
5885952 38325768
5890048 28938660
5894144 28885239
5898240 28927986
5902336 28852968
5906432 28974006
5910528 28785036
5914624 38413188
5918720 38424894
5922816 38438742
5926912 38401344
5931008 38470242
5935104 28953738
5939200 29002716
5943296 28898040
5947392 28950654
5951488 28906104
5955584 28913256
5959680 28934328
5963776 28919718
5967872 28963512
5971968 28914816
5976064 28908732
5980160 28830348
5984256 28815540
5988352 29042688
5992448 38435484
5996544 28939110
6000640 28914702
6004736 29035848
6008832 28953066
6012928 28983432
6017024 28906650
6021120 38392410
6025216 38426274
6029312 28948026
6033408 29513754
6037504 28925694
6041600 28944600
6045696 28967574
6049792 28919778
6053888 38326986
6057984 38332080
6062080 28860792
6066176 28861656
6070272 28900026
6074368 28803840
6078464 28952256
6082560 28927194
6086656 29089770
6090752 28882824
6094848 29037720
6098944 38449374
6103040 28910370
6107136 28935588
6111232 28854912
6115328 28857756
6119424 28948248
6123520 28957140
6127616 28903308
6131712 28897134
6135808 28851918
6139904 28937148
6144000 29694399
6148096 38423520
6152192 38488080
6156288 38394786
6160384 38396886
6164480 38324838
6168576 38393988
6172672 38356026
6176768 28891734
6180864 28915296
6184960 28884378
6189056 28922832
6193152 28923912
6197248 28879710
6201344 28873416
6205440 38499630
6209536 28901964
6213632 28935522
6217728 28886892
6221824 28835712
6225920 28783836
6230016 28819158
6234112 38416968
6238208 38409126
6242304 38404920
6246400 38402352
6250496 38451702
6254592 38381028
6258688 38313072
6262784 38456130
6266880 38354910
6270976 38338728
6275072 38441046
6279168 38378568
6283264 28858032
6287360 28990830
6291456 28963044
6295552 28737366
6299648 28873218
6303744 28924506
6307840 28958574
6311936 28944918
6316032 29011638
6320128 28939182
6324224 28899450
6328320 28820490
6332416 28849452
6336512 38494164
6340608 38393394
6344704 38433192
6348800 38460462
6352896 38414874
6356992 38485920
6361088 38370102
6365184 38424738
6369280 38406144
6373376 38414016
6377472 38406096
6381568 38430414
6385664 38369748
6389760 28855698
6393856 28960548
6397952 29003106
6402048 28886718
6406144 28909614
6410240 28836438
6414336 28907286
6418432 28896360
6422528 28943370
6426624 38412774
6430720 28827660
6434816 28977762
6438912 28922052
6443008 29026236
6447104 38456556
6451200 38466678
6455296 38343576
6459392 38368974
6463488 38490810
6467584 38391036
6471680 38454072
6475776 38404440
6479872 38472270
6483968 38421762
6488064 38427858
6492160 38406750
6496256 28872408
6500352 28834488
6504448 28941810
6508544 28816170
6512640 28931166
6516736 28989000
6520832 28898862
6524928 28870968
6529024 29679366
6533120 28885626
6537216 28928304
6541312 28871292
6545408 28866804
6549504 28968165
6553600 38401776
6557696 38455932
6561792 38449746
6565888 38421750
6569984 38348562
6574080 38398860
6578176 38431224
6582272 38422452
6586368 28873530
6590464 28960254
6594560 28879260
6598656 28956240
6602752 28910604
6606848 28894098
6610944 29010096
6615040 28833774
6619136 28877496
6623232 28957788
6627328 29548170
6631424 38447334
6635520 28913190
6639616 28972824
6643712 28913364
6647808 28974546
6651904 28912644
6656000 28869366
6660096 38488398
6664192 38434836
6668288 38441238
6672384 38332362
6676480 38438610
6680576 29009760
6684672 28807944
6688768 28954536
6692864 28934358
6696960 28982490
6701056 28951476
6705152 38403918
6709248 28923234
6713344 28798068
6717440 29012472
6721536 28871022
6725632 28938306
6729728 28976238
6733824 38389548
6737920 38263236
6742016 28938534
6746112 29021160
6750208 28890708
6754304 29290854
6758400 28960896
6762496 28966860
6766592 38464920
6770688 38433276
6774784 28997484
6778880 29092608
6782976 28971720
6787072 28964064
6791168 28832664
6795264 28933548
6799360 38409504
6803456 38432622
6807552 38396256
6811648 38438250
6815744 28811160
6819840 29079066
6823936 28927164
6828032 28950342
6832128 29103726
6836224 29027124
6840320 28880196
6844416 38441772
6848512 38467560
6852608 28973718
6856704 28967736
6860800 28896090
6864896 28858548
6868992 28950696
6873088 28922676
6877184 28975224
6881280 28938156
6885376 28917420
6889472 28998996
6893568 38391642
6897664 38199048
6901760 38335350
6905856 38384724
6909952 38438922
6914048 38409078
6918144 38422212
6922240 38451144
6926336 28891332
6930432 28873122
6934528 28830492
6938624 28960158
6942720 28957932
6946816 28872306
6950912 38392746
6955008 38242680
6959104 28973340
6963200 28944690
6967296 28978770
6971392 28898754
6975488 28868688
6979584 28832766
6983680 38475684
6987776 38420058
6991872 29229822
6995968 28987272
7000064 38388738
7004160 38407884
7008256 38422188
7012352 38349624
7016448 38417928
7020544 38422992
7024640 38347980
7028736 29023938
7032832 28887876
7036928 28875414
7041024 28918740
7045120 28910310
7049216 28941366
7053312 28939782
7057408 28977180
7061504 28990941
7065600 28923522
7069696 28949772
7073792 28838118
7077888 28849722
7081984 28927614
7086080 28981242
7090176 29011224
7094272 38444820
7098368 38401626
7102464 38399334
7106560 38412774
7110656 38429904
7114752 38414892
7118848 38390226
7122944 38455338
7127040 38436984
7131136 38426142
7135232 28918020
7139328 28889868
7143424 28879497
7147520 28825632
7151616 28815210
7155712 28931862
7159808 28893378
7163904 28937394
7168000 28899732
7172096 29009178
7176192 38476296
7180288 28885770
7184384 28957584
7188480 28879902
7192576 28965024
7196672 29041806
7200768 38468268
7204864 38404224
7208960 38407554
7213056 38409684
7217152 38402958
7221248 38498784
7225344 38328900
7229440 38412606
7233536 38408658
7237632 38396664
7241728 28996014
7245824 28864080
7249920 28868454
7254016 28873788
7258112 28861428
7262208 28891920
7266304 28832520
7270400 28969614
7274496 28942176
7278592 38383098
7282688 38398944
7286784 28998528
7290880 28799772
7294976 28888224
7299072 28946460
7303168 29057526
7307264 38420982
7311360 38474862
7315456 38431938
7319552 38469768
7323648 38420742
7327744 38464332
7331840 38414388
7335936 28916616
7340032 28859526
7344128 28944450
7348224 28894146
7352320 28898736
7356416 28883136
7360512 28913760
7364608 28909176
7368704 29084532
7372800 28961376
7376896 29047176
7380992 28968936
7385088 38402232
7389184 28906194
7393280 28980060
7397376 28923162
7401472 28983576
7405568 28929516
7409664 29002992
7413760 38436024
7417856 38413974
7421952 38379192
7426048 38391480
7430144 38444862
7434240 28930836
7438336 28996308
7442432 28878384
7446528 28935330
7450624 28830678
7454720 28888422
7458816 28827174
7462912 28942386
7467008 29026800
7471104 28861584
7475200 28972278
7479296 28975608
7483392 28899612
7487488 28996518
7491584 38350554
7495680 38381766
7499776 28960794
7503872 28908882
7507968 28821810
7512064 28915530
7516160 38491572
7520256 38426490
7524352 28950234
7528448 28970106
7532544 28895904
7536640 28906110
7540736 29008764
7544832 38455290
7548928 28785192
7553024 28951812
7557120 28812246
7561216 28995384
7565312 28911528
7569408 28914366
7573504 38491194
7577600 28776966
7581696 28897320
7585792 28990176
7589888 28912176
7593984 28905258
7598080 38504010
7602176 38427486
7606272 28875984
7610368 28824876
7614464 28870728
7618560 28899696
7622656 38433852
7626752 28922700
7630848 29646432
7634944 28920912
7639040 38483106
7643136 38422284
7647232 38427102
7651328 38458428
7655424 38417460
7659520 38327184
7663616 28982430
7667712 28923462
7671808 28961184
7675904 28971990
7680000 28767456
7684096 28912458
7688192 28925106
7692288 28919454
7696384 28929984
7700480 28928004
7704576 28903134
7708672 28986258
7712768 28903458
7716864 29559600
7720960 28935678
7725056 28955988
7729152 28833417
7733248 38456796
7737344 38416200
7741440 38339544
7745536 38384274
7749632 38437878
7753728 38353950
7757824 38445006
7761920 38427714
7766016 38329770
7770112 29058306
7774208 28959714
7778304 28918170
7782400 28822866
7786496 28895778
7790592 28876860
7794688 29015016
7798784 28917582
7802880 28868172
7806976 28968648
7811072 28942620
7815168 28925970
7819264 28909236
7823360 28915824
7827456 28864056
7831552 38405022
7835648 38391252
7839744 38443026
7843840 38416026
7847936 38380500
7852032 38416212
7856128 38425416
7860224 38425818
7864320 38431578
7868416 38421486
7872512 38462592
7876608 28932438
7880704 28933308
7884800 28866474
7888896 28933350
7892992 28899216
7897088 28887636
7901184 28948392
7905280 28966506
7909376 28891254
7913472 28848726
7917568 28928304
7921664 28939722
7925760 28954578
7929856 28921434
7933952 28897494
7938048 38436108
7942144 38318616
7946240 38388066
7950336 38467698
7954432 38338122
7958528 38367528
7962624 38412498
7966720 38413290
7970816 38358102
7974912 38428806
7979008 38455560
7983104 28932354
7987200 28878132
7991296 28970256
7995392 28902342
7999488 28903188
8003584 28968126
8007680 28916532
8011776 28903146
8015872 28908150
8019968 28920690
8024064 28901688
8028160 28919688
8032256 28911624
8036352 28873506
8040448 28873482
8044544 38369256
8048640 38465688
8052736 28913730
8056832 28907250
8060928 38435874
8065024 38389026
8069120 38364480
8073216 28814118
8077312 28942242
8081408 28823652
8085504 28980630
8089600 28889034
8093696 28906332
8097792 28931904
8101888 29003922
8105984 29002308
8110080 28835928
8114176 28976586
8118272 38450778
8122368 38461044
8126464 28945362
8130560 28879494
8134656 28924962
8138752 29039982
8142848 29004042
8146944 28917954
8151040 38335074
8155136 38437518
8159232 38470338
8163328 38388972
8167424 38438658
8171520 28990122
8175616 28909674
8179712 28967802
8183808 28902066
8187904 28902156
8192000 28872918
8196096 38339952
8200192 28887660
8204288 28908672
8208384 28978602
8212480 29002734
8216576 28930812
8220672 28928790
8224768 38364906
8228864 38229684
8232960 28926084
8237056 28867608
8241152 28927332
8245248 29004306
8249344 28857912
8253440 28912344
8257536 38484246
8261632 28909128
8265728 28897908
8269824 28861746
8273920 28927536
8278016 28913526
8282112 28943316
8286208 38420994
8290304 38455572
8294400 38328924
8298496 38403438
8302592 38524272
8306688 28845108
8310784 28855188
8314880 28912488
8318976 28860216
8323072 28856856
8327168 29143407
8331264 38417832
8335360 38436984
8339456 29024052
8343552 28969920
8347648 28870134
8351744 28922550
8355840 28913310
8359936 28993458
8364032 28938300
8368128 28930536
8372224 28881450
8376320 28995144
8380416 38297484
8384512 38361420
8388608 38347134
8392704 38456994
8396800 38440116
8400896 38461860
8404992 38435574
8409088 38349030
8413184 28872558
8417280 28882542
8421376 28929330
8425472 28914510
8429568 28801326
8433664 29002134
8437760 38361126
8441856 38395014
8445952 28860438
8450048 28900974
8454144 28872576
8458240 28872060
8462336 28865244
8466432 28839450
8470528 28949382
8474624 28942860
8478720 38313114
8482816 38390874
8486912 38354454
8491008 38419392
8495104 38418366
8499200 38412660
8503296 38410872
8507392 38401212
8511488 38439108
8515584 28856754
8519680 28813506
8523776 28834692
8527872 28913070
8531968 28945776
8536064 28882914
8540160 28150836
8544256 28928532
8548352 28920738
8552448 28815366
8556544 28960236
8560640 28863300
8564736 28920924
8568832 28935210
8572928 28852434
8577024 28985262
8581120 28953558
8585216 38384160
8589312 38387010
8593408 38429142
8597504 38471568
8601600 38442108
8605696 38390022
8609792 38434314
8613888 38377290
8617984 38372238
8622080 28908972
8626176 28791546
8630272 28961784
8634368 28769382
8638464 28899270
8642560 28803342
8646656 28900554
8650752 28934772
8654848 28978554
8658944 38390484
8663040 38502648
8667136 28901490
8671232 28958700
8675328 28942680
8679424 28867746
8683520 28842132
8687616 28937052
8691712 38485884
8695808 38475576
8699904 38402616
8704000 38436324
8708096 38391660
8712192 38385072
8716288 38411700
8720384 38422584
8724480 38443152
8728576 28914156
8732672 28954890
8736768 28914990
8740864 28644528
8744960 28732830
8749056 28741422
8753152 29052942
8757248 28984824
8761344 28948638
8765440 38397972
8769536 38335860
8773632 28918794
8777728 28903470
8781824 28906878
8785920 28980714
8790016 28901604
8794112 38455026
8798208 38445696
8802304 38418786
8806400 38441340
8810496 38403396
8814592 38352954
8818688 38389392
8822784 38414466
8826880 28945122
8830976 28871508
8835072 28882422
8839168 28887774
8843264 28927200
8847360 28842498
8851456 28858536
8855552 28868634
8859648 28942458
8863744 29118132
8867840 28941936
8871936 38418588
8876032 38415654
8880128 28857432
8884224 28960644
8888320 28953150
8892416 28977684
8896512 38404668
8900608 38420076
8904704 38443596
8908800 38419254
8912896 29029092
8916992 38468226
8921088 28995390
8925184 28956084
8929280 28954338
8933376 28994208
8937472 29003910
8941568 29532738
8945664 28913118
8949760 29020620
8953856 28946430
8957952 28864926
8962048 28966212
8966144 28942266
8970240 29043054
8974336 28976328
8978432 38409810
8982528 38450490
8986624 28915992
8990720 28916358
8994816 28873590
8998912 28868970
9003008 38414586
9007104 28961622
9011200 28971666
9015296 29123910
9019392 28990368
9023488 28914234
9027584 29636388
9031680 38339844
9035776 38437134
9039872 38447442
9043968 38445714
9048064 38408922
9052160 38470842
9056256 38418030
9060352 28853706
9064448 28886430
9068544 28933572
9072640 28880658
9076736 28940760
9080832 28912332
9084928 29569146
9089024 28880058
9093120 28882248
9097216 28902222
9101312 28895958
9105408 28924428
9109504 28890708
9113600 28878642
9117696 28905408
9121792 28971342
9125888 38436036
9129984 38475726
9134080 38385654
9138176 38424504
9142272 38341812
9146368 38456304
9150464 38400414
9154560 38425632
9158656 38326596
9162752 38433264
9166848 28875042
9170944 28907184
9175040 28924974
9179136 28835358
9183232 28881210
9187328 38481786
9191424 38408544
9195520 29087760
9199616 28957194
9203712 28870488
9207808 28881348
9211904 28904214
9216000 28914978
9220096 28903590
9224192 38415444
9228288 38397042
9232384 38457288
9236480 38426322
9240576 38463990
9244672 38436666
9248768 38466600
9252864 38359464
9256960 38411232
9261056 38432358
9265152 38382138
9269248 38392614
9273344 28919394
9277440 28866618
9281536 28916868
9285632 28916064
9289728 29050776
9293824 28865706
9297920 28944654
9302016 28824690
9306112 28876596
9310208 28902942
9314304 28892958
9318400 28858554
9322496 29028234
9326592 28921188
9330688 38410152
9334784 38382222
9338880 38406246
9342976 38450430
9347072 38418978
9351168 38376600
9355264 38457840
9359360 38437632
9363456 38426130
9367552 38383704
9371648 38427840
9375744 38356656
9379840 28998588
9383936 28944966
9388032 28827834
9392128 28854840
9396224 28889634
9400320 28886058
9404416 28941276
9408512 38332806
9412608 28827624
9416704 28907214
9420800 28960350
9424896 28978002
9428992 28870170
9433088 28946868
9437184 38343870
9441280 38366778
9445376 38491242
9449472 38405910
9453568 38394762
9457664 38420544
9461760 38425158
9465856 38391630
9469952 38397690
9474048 38344470
9478144 28879704
9482240 28893444
9486336 28927560
9490432 28940304
9494528 28947228
9498624 28907964
9502720 28885674
9506816 28876938
9510912 38454300
9515008 38425722
9519104 28909896
9523200 29052480
9527296 28842864
9531392 28990452
9535488 28929018
9539584 29029386
9543680 38416626
9547776 38473818
9551872 38422740
9555968 38387214
9560064 38381736
9564160 38331132
9568256 38463546
9572352 28999494
9576448 28907586
9580544 28935120
9584640 28882332
9588736 28954794
9592832 28912722
9596928 28935168
9601024 28832736
9605120 28851720
9609216 28914438
9613312 28909788
9617408 38395638
9621504 38399034
9625600 28844832
9629696 28911198
9633792 28842162
9637888 28945326
9641984 28785012
9646080 28860666
9650176 38338428
9654272 38402376
9658368 38409204
9662464 38439828
9666560 28891074
9670656 28937646
9674752 28999764
9678848 28989588
9682944 28946940
9687040 28955346
9691136 38419212
9695232 28950396
9699328 28993734
9703424 28876824
9707520 28853856
9711616 28776138
9715712 28972368
9719808 28821174
9723904 28961280
9728000 37905006
9732096 38469018
9736192 28867488
9740288 28811796
9744384 28808964
9748480 28910526
9752576 38395956
9756672 38449914
9760768 38428698
9764864 28913934
9768960 28963890
9773056 28913508
9777152 28991394
9781248 28921926
9785344 38439252
9789440 38454252
9793536 38429946
9797632 38475132
9801728 38460300
9805824 28871832
9809920 28827528
9814016 28882884
9818112 28914438
9822208 28851960
9826304 29036352
9830400 28961154
9834496 38434950
9838592 38377476
9842688 29040186
9846784 28897620
9850880 28668066
9854976 28866858
9859072 28962474
9863168 28998924
9867264 28999824
9871360 28973436
9875456 28953960
9879552 38351886
9883648 38426742
9887744 38228418
9891840 38422722
9895936 38437560
9900032 38412858
9904128 38362560
9908224 38444604
9912320 28943670
9916416 29011668
9920512 28823568
9924608 28837230
9928704 28856502
9932800 28821990
9936896 28914426
9940992 28921446
9945088 28967676
9949184 28907736
9953280 29031168
9957376 28935198
9961472 28916844
9965568 28883196
9969664 28879146
9973760 38477886
9977856 38383056
9981952 38421222
9986048 38371512
9990144 38397066
9994240 38334294
9998336 38427264
10002432 38385702
10006528 38454414
10010624 38410698
10014720 38333802
10018816 28905924
10022912 28940952
10027008 28932510
10031104 28860378
10035200 28899630
10039296 28898412
10043392 28885734
10047488 28903614
10051584 28906122
10055680 28946538
10059776 28982454
10063872 28961742
10067968 28900428
10072064 28920840
10076160 38400558
10080256 38407386
10084352 38372616
10088448 38390412
10092544 38409402
10096640 38461068
10100736 38391678
10104832 38458776
10108928 38362152
10113024 38394696
10117120 38372892
10121216 38426772
10125312 28836048
10129408 28871778
10133504 28962564
10137600 28867590
10141696 28836972
10145792 29051934
10149888 28906674
10153984 28992048
10158080 28932420
10162176 38411010
10166272 38426808
10170368 28900662
10174464 29024892
10178560 28871274
10182656 38414286
10186752 38484276
10190848 38399268
10194944 38330172
10199040 38410224
10203136 38453256
10207232 38449062
10211328 38444340
10215424 38409906
10219520 38396766
10223616 38439990
10227712 38389620
10231808 29027094
10235904 28827678
10240000 28958988
10244096 28855038
10248192 28880712
10252288 29049450
10256384 28943892
10260480 28986702
10264576 29498538
10268672 28947924
10272768 28933392
10276864 28989804
10280960 28976862
10285056 29004606
10289152 38417448
10293248 38495172
10297344 38405532
10301440 38456550
10305536 38391720
10309632 38413014
10313728 38378088
10317824 29027208
10321920 28915638
10326016 29001336
10330112 29014968
10334208 28985280
10338304 28934418
10342400 28920276
10346496 28911090
10350592 28870434
10354688 28891764
10358784 29012856
10362880 29485392
10366976 38472570
10371072 38421180
10375168 28958562
10379264 29002296
10383360 28942434
10387456 28868070
10391552 28963854
10395648 38441496
10399744 38474952
10403840 38447172
10407936 38376072
10412032 38409282
10416128 28896186
10420224 28954698
10424320 28913118
10428416 28884786
10432512 29005188
10436608 38427270
10440704 38428560
10444800 38523366
10448896 38405268
10452992 38444922
10457088 28848096
10461184 28934646
10465280 29047872
10469376 28927422
10473472 38362938
10477568 38434584
10481664 28897710
10485760 28980108
10489856 28951476
10493952 28959180
10498048 28944408
10502144 38372718
10506240 28932576
10510336 28897620
10514432 28873314
10518528 28921440
10522624 28896630
10526720 28939134
10530816 38398968
10534912 38406246
10539008 38445402
10543104 38394834
10547200 38422932
10551296 38401518
10555392 38447106
10559488 28933422
10563584 28953450
10567680 28887876
10571776 29028570
10575872 28864758
10579968 38415468
10584064 38421516
10588160 38412018
10592256 38417196
10596352 28872024
10600448 28869330
10604544 28910754
10608640 28932396
10612736 28935666
10616832 28918902
10620928 38439768
10625024 38398476
10629120 38370684
10633216 38412240
10637312 38423166
10641408 38410824
10645504 38451570
10649600 38445306
10653696 38382528
10657792 38463804
10661888 38448522
10665984 28914654
10670080 28852638
10674176 28938060
10678272 28964766
10682368 28909944
10686464 29013960
10690560 29066964
10694656 29075313
10698752 28885548
10702848 28833990
10706944 28931202
10711040 28856130
10715136 28870932
10719232 28908450
10723328 38449176
10727424 38428350
10731520 38405484
10735616 38401410
10739712 38435544
10743808 38274054
10747904 38403180
10752000 38437086
10756096 38450058
10760192 38443290
10764288 28955628
10768384 29017968
10772480 29102649
10776576 28923660
10780672 28860450
10784768 28923648
10788864 28897038
10792960 28885644
10797056 28870446
10801152 28919724
10805248 28952976
10809344 28918464
10813440 28995834
10817536 28886016
10821632 28802310
10825728 28905528
10829824 38449470
10833920 38380296
10838016 38415462
10842112 38425344
10846208 38426580
10850304 38444160
10854400 38315646
10858496 38387412
10862592 38334408
10866688 38406726
10870784 28945926
10874880 28934838
10878976 28930560
10883072 28914096
10887168 28902966
10891264 28908006
10895360 28897308
10899456 28831452
10903552 28861224
10907648 38424378
10911744 38451522
10915840 28793376
10919936 29021736
10924032 28953696
10928128 28835934
10932224 28927122
10936320 38452962
10940416 38403204
10944512 38458062
10948608 38319516
10952704 38439480
10956800 38396682
10960896 38490978
10964992 38395044
10969088 38434752
10973184 38354568
10977280 28962666
10981376 28820214
10985472 28844094
10989568 28914630
10993664 28931628
10997760 28911120
11001856 28879158
11005952 28903656
11010048 29012310
11014144 38368080
11018240 38400120
11022336 28866732
11026432 28979436
11030528 28969950
11034624 28901058
11038720 28961766
11042816 38359272
11046912 38475936
11051008 38411784
11055104 38260998
11059200 38463558
11063296 38409366
11067392 38322696
11071488 28963230
11075584 28901928
11079680 28890147
11083776 28895088
11087872 28973766
11091968 28987236
11096064 28917864
11100160 28851534
11104256 28924464
11108352 28981962
11112448 28907484
11116544 28874964
11120640 38413896
11124736 38475060
11128832 28870152
11132928 28951134
11137024 28889400
11141120 28932702
11145216 28849794
11149312 38473722
11153408 38457288
11157504 38453310
11161600 28936152
11165696 28903596
11169792 28908060
11173888 28908450
11177984 28919442
11182080 28979784
11186176 29134260
11190272 38406090
11194368 38344152
11198464 38328150
11202560 28863786
11206656 28869312
11210752 28818876
11214848 28839078
11218944 28850016
11223040 28836162
11227136 38475984
11231232 38350134
11235328 28973814
11239424 28953240
11243520 28916658
11247616 28846146
11251712 38403768
11255808 28941372
11259904 28917804
11264000 28918314
11268096 28894038
11272192 28860606
11276288 28916490
11280384 38359650
11284480 38444568
11288576 38454126
11292672 38395434
11296768 38394654
11300864 38407218
11304960 28890324
11309056 28944480
11313152 28957710
11317248 28886202
11321344 28900536
11325440 28840116
11329536 28953456
11333632 28899276
11337728 28908690
11341824 38401812
11345920 38449650
11350016 28916928
11354112 28893756
11358208 28926864
11362304 28903086
11366400 28946772
11370496 29037786
11374592 38414028
11378688 38443344
11382784 38320572
11386880 38436228
11390976 38426484
11395072 38428350
11399168 38398488
11403264 38442162
11407360 38409870
11411456 28946964
11415552 28884642
11419648 28881222
11423744 28905612
11427840 28933098
11431936 29028738
11436032 28946406
11440128 28934286
11444224 29537694
11448320 28983186
11452416 28936428
11456512 28837338
11460608 28980750
11464704 28917300
11468800 38272626
11472896 38407758
11476992 38452386
11481088 38468820
11485184 38419488
11489280 38464266
11493376 38376798
11497472 38368350
11501568 38451420
11505664 38369394
11509760 38466474
11513856 38467884
11517952 38420442
11522048 28849506
11526144 28859304
11530240 28834614
11534336 28923018
11538432 28831326
11542528 28962078
11546624 28949910
11550720 29031321
11554816 28790802
11558912 28910472
11563008 28881342
11567104 29023800
11571200 28943352
11575296 38455950
11579392 38438796
11583488 38457288
11587584 38432130
11591680 38429148
11595776 38454888
11599872 38388594
11603968 38353338
11608064 38379264
11612160 38381736
11616256 38377734
11620352 38433036
11624448 38457870
11628544 28879638
11632640 28934994
11636736 28922346
11640832 28867230
11644928 28869750
11649024 28895778
11653120 38427024
11657216 38419704
11661312 28963338
11665408 28916112
11669504 28920114
11673600 29061384
11677696 28886508
11681792 38447904
11685888 38460126
11689984 38399634
11694080 38425698
11698176 38406558
11702272 38443758
11706368 38431338
11710464 38178726
11714560 38423034
11718656 38452566
11722752 28960008
11726848 29003838
11730944 28960524
11735040 28822260
11739136 28924752
11743232 29010270
11747328 28991046
11751424 28930848
11755520 28866948
11759616 38348064
11763712 38407860
11767808 28858728
11771904 28856604
11776000 28938330
11780096 28959810
11784192 28744788
11788288 38417040
11792384 38439420
11796480 38369754
11800576 38440308
11804672 38418372
11808768 38033196
11812864 29038872
11816960 28888062
11821056 28948146
11825152 28997742
11829248 28987746
11833344 28991448
11837440 29057220
11841536 28992360
11845632 28877178
11849728 28960044
11853824 28871214
11857920 28933650
11862016 28861884
11866112 38352786
11870208 38321382
11874304 28983192
11878400 28829664
11882496 28954818
11886592 28924440
11890688 28901946
11894784 28923030
11898880 38393190
11902976 38420808
11907072 28996884
11911168 29047422
11915264 28880514
11919360 28904232
11923456 28878456
11927552 28926660
11931648 38422236
11935744 38411718
11939840 38446554
11943936 38419824
11948032 28915428
11952128 28907406
11956224 28876062
11960320 28960998
11964416 28889058
11968512 28881192
11972608 38355396
11976704 38433414
11980800 28906518
11984896 28721898
11988992 28925547
11993088 29012838
11997184 28895043
12001280 28903308
12005376 28841376
12009472 28889982
12013568 28860480
12017664 28983120
12021760 29024796
12025856 38456352
12029952 38460804
12034048 38459733
12038144 38342202
12042240 38441448
12046336 38389242
12050432 38422788
12054528 28946904
12058624 29007168
12062720 28874718
12066816 28962642
12070912 28885656
12075008 28843932
12079104 28891452
12083200 28997040
12087296 38465268
12091392 38398272
12095488 28926777
12099584 28825833
12103680 28951221
12107776 28903887
12111872 28899099
12115968 28849086
12120064 38373168
12124160 38414130
12128256 38395998
12132352 38389824
12136448 38450832
12140544 38433492
12144640 38485266
12148736 38458680
12152832 38427282
12156928 38446842
12161024 28972380
12165120 28952484
12169216 28862634
12173312 28861152
12177408 28947312
12181504 28905798
12185600 28855716
12189696 28824882
12193792 28901502
12197888 28989456
12201984 28918710
12206080 28890678
12210176 28864050
12214272 28979424
12218368 28864470
12222464 28904508
12226560 38394330
12230656 38449008
12234752 38402982
12238848 38440608
12242944 38375310
12247040 38424534
12251136 38367222
12255232 38289966
12259328 38398692
12263424 38417358
12267520 28891110
12271616 29008170
12275712 28794918
12279808 28920972
12283904 28811148
12288000 28900188
12292096 28865496
12296192 28928850
12300288 28807788
12304384 28906332
12308480 28791174
12312576 28952220
12316672 28868334
12320768 28866012
12324864 29070732
12328960 28963848
12333056 38369178
12337152 38454624
12341248 38373138
12345344 38323476
12349440 38369670
12353536 38410638
12357632 38371326
12361728 38446542
12365824 38407590
12369920 38413734
12374016 28979694
12378112 28891434
12382208 28908084
12386304 28911600
12390400 28798158
12394496 28959054
12398592 28813740
12402688 28918476
12406784 38388198
12410880 38379222
12414976 28945542
12419072 28927554
12423168 28994130
12427264 28835670
12431360 38480682
12435456 38405670
12439552 38475642
12443648 38436768
12447744 38421066
12451840 38419818
12455936 38419626
12460032 38334552
12464128 38506170
12468224 38463912
12472320 29079186
12476416 28888020
12480512 28949508
12484608 28902402
12488704 28882278
12492800 28829778
12496896 28862442
12500992 28882302
12505088 28924044
12509184 28905498
12513280 28915554
12517376 28963416
12521472 28864290
12525568 28839468
12529664 28941162
12533760 28904076
12537856 38469714
12541952 38372046
12546048 38450466
12550144 38436606
12554240 38452662
12558336 38448486
12562432 38415414
12566528 29090892
12570624 28924350
12574720 28902732
12578816 28994772
12582912 28889412
12587008 28979394
12591104 28983042
12595200 28879320
12599296 28908822
12603392 28875090
12607488 28899714
12611584 28940916
12615680 28911114
12619776 29114664
12623872 38431764
12627968 28919136
12632064 28936854
12636160 29064954
12640256 28921134
12644352 38437878
12648448 38425152
12652544 28985526
12656640 28829766
12660736 28911072
12664832 28934334
12668928 28876770
12673024 28900590
12677120 28889532
12681216 28953402
12685312 38455044
12689408 38395452
12693504 38327844
12697600 38433504
12701696 28893774
12705792 28935870
12709888 28928298
12713984 28905372
12718080 28916346
12722176 29513052
12726272 38413776
12730368 38403750
12734464 28877418
12738560 28913604
12742656 29042772
12746752 28858620
12750848 28933488
12754944 28903200
12759040 29032842
12763136 28998624
12767232 29006868
12771328 29036604
12775424 28994502
12779520 38371992
12783616 38466900
12787712 38504838
12791808 38446710
12795904 38373858
12800000 38463294
12804096 38421252
12808192 28871742
12812288 28913064
12816384 28905174
12820480 28921692
12824576 28915428
12828672 28872630
12832768 38446362
12836864 38474634
12840960 28814178
12845056 28906638
12849152 28944558
12853248 28814568
12857344 28731744
12861440 28865604
12865536 28894926
12869632 38384286
12873728 38457822
12877824 38415690
12881920 38311014
12886016 38451948
12890112 38402040
12894208 38399364
12898304 38387526
12902400 38387202
12906496 38431428
12910592 38385954
12914688 28778070
12918784 29056074
12922880 28861332
12926976 28887018
12931072 28913862
12935168 28944324
12939264 29075958
12943360 28882548
12947456 28972854
12951552 28833828
12955648 28854426
12959744 28918806
12963840 28903212
12967936 28970298
12972032 38453844
12976128 38412348
12980224 38236950
12984320 38437764
12988416 38393490
12992512 38272548
12996608 38416632
13000704 38449338
13004800 38378028
13008896 38397870
13012992 38440158
13017088 38430192
13021184 28919838
13025280 28909002
13029376 28915404
13033472 28926876
13037568 28848162
13041664 28957194
13045760 28868742
13049856 28943802
13053952 28910934
13058048 28913268
13062144 28907580
13066240 28979622
13070336 28923954
13074432 28923432
13078528 38330850
13082624 38370936
13086720 38444538
13090816 38458680
13094912 38386260
13099008 38385846
13103104 38377734
13107200 38458320
13111296 38347866
13115392 38438640
13119488 38386398
13123584 28879038
13127680 28856196
13131776 28879668
13135872 28912134
13139968 28947666
13144064 28891614
13148160 28875240
13152256 38454462
13156352 38385612
13160448 28921986
13164544 28988094
13168640 28964442
13172736 28951722
13176832 28949040
13180928 28843098
13185024 38436498
13189120 38424240
13193216 38401032
13197312 38427210
13201408 38469348
13205504 38412654
13209600 38368188
13213696 28937700
13217792 28950894
13221888 28886244
13225984 28937202
13230080 28904502
13234176 29048010
13238272 28870632
13242368 28727376
13246464 28901022
13250560 28918458
13254656 28884726
13258752 38430366
13262848 38431314
13266944 29012868
13271040 29040390
13275136 28991835
13279232 28907124
13283328 29039616
13287424 28839492
13291520 38448912
13295616 38338566
13299712 38409174
13303808 38450652
13307904 38414454
13312000 29074194
13316096 28898940
13320192 28990584
13324288 28945212
13328384 28887630
13332480 28845882
13336576 38472984
13340672 28957980
13344768 28801236
13348864 28870548
13352960 28794204
13357056 28902858
13361152 28931742
13365248 38324022
13369344 38427792
13373440 28903242
13377536 28845024
13381632 38387544
13385728 28958052
13389824 28955784
13393920 38445804
13398016 38342460
13402112 29006538
13406208 29036478
13410304 28960596
13414400 28901166
13418496 28949616
13422592 28982310
13426688 28961865
13430784 38513040
13434880 38423826
13438976 38397066
13443072 28866180
13447168 28802610
13451264 28962714
13455360 28958748
13459456 28838892
13463552 28787262
13467648 28981542
13471744 28896018
13475840 28962408
13479936 38452434
13484032 38447502
13488128 38376462
13492224 28943754
13496320 29042040
13500416 28873986
13504512 28911198
13508608 28894500
13512704 28921308
13516800 28880334
13520896 28944624
13524992 38421066
13529088 38339712
13533184 38353428
13537280 38408322
13541376 38379864
13545472 38428488
13549568 38389794
13553664 28900080
13557760 28882248
13561856 28878396
13565952 28783116
13570048 28864974
13574144 28901442
13578240 28925580
13582336 28958664
13586432 38364900
13590528 38419728
13594624 28902228
13598720 28869180
13602816 28879146
13606912 28888044
13611008 28996296
13615104 28999560
13619200 38406366
13623296 38402598
13627392 38372706
13631488 38454678
13635584 38434056
13639680 38404710
13643776 38375598
13647872 38249226
13651968 38451774
13656064 38401368
13660160 28919442
13664256 28952868
13668352 28895322
13672448 28827150
13676544 28924656
13680640 28896198
13684736 29000190
13688832 28957728
13692928 28952652
13697024 28842492
13701120 28966146
13705216 28924926
13709312 28905528
13713408 28873224
13717504 38434494
13721600 38375382
13725696 38433966
13729792 38456670
13733888 38452284
13737984 38382528
13742080 38454006
13746176 38409732
13750272 38449986
13754368 38404116
13758464 38394672
13762560 38418906
13766656 28920246
13770752 28919268
13774848 28874172
13778944 28818642
13783040 28962126
13787136 28929792
13791232 28861398
13795328 28871046
13799424 28916028
13803520 28888008
13807616 28931220
13811712 28976124
13815808 28999782
13819904 28887972
13824000 38393430
13828096 38373864
13832192 38466792
13836288 38421594
13840384 38380572
13844480 38413764
13848576 38347911
13852672 38364504
13856768 38430960
13860864 38403216
13864960 38408070
13869056 28897878
13873152 28933818
13877248 28961970
13881344 28838142
13885440 28835466
13889536 28866306
13893632 28907802
13897728 28939788
13901824 29497770
13905920 28944378
13910016 28683492
13914112 28934964
13918208 28924170
13922304 28846410
13926400 28968744
13930496 38403042
13934592 38360586
13938688 38437242
13942784 38439030
13946880 38431392
13950976 38435826
13955072 38413194
13959168 38319384
13963264 38407908
13967360 28952256
13971456 28962876
13975552 28952658
13979648 28995228
13983744 28911276
13987840 28965696
13991936 28833774
13996032 28915896
14000128 29154165
14004224 28877616
14008320 38436012
14012416 28859886
14016512 28943196
14020608 28870500
14024704 29051136
14028800 29052924
14032896 29054688
14036992 38388660
14041088 38365890
14045184 38488548
14049280 38413536
14053376 38462526
14057472 38434320
14061568 28966464
14065664 28990698
14069760 28851108
14073856 29055780
14077952 28879974
14082048 28889790
14086144 38425128
14090240 28858458
14094336 28923786
14098432 28937586
14102528 28920456
14106624 28910754
14110720 28860426
14114816 38457072
14118912 38397060
14123008 38382396
14127104 28924680
14131200 28996218
14135296 28892832
14139392 28894620
14143488 28921218
14147584 28922160
14151680 38333586
14155776 28875630
14159872 28955364
14163968 28808442
14168064 28959678
14172160 28941852
14176256 28954068
14180352 38395692
14184448 38408826
14188544 38435202
14192640 38423238
14196736 38420046
14200832 29534394
14204928 28950138
14209024 28947192
14213120 28872192
14217216 28901814
14221312 28877004
14225408 38406072
14229504 38439306
14233600 38326014
14237696 28874472
14241792 28790586
14245888 28898058
14249984 28884966
14254080 28828638
14258176 28898994
14262272 28965918
14266368 28950858
14270464 29638722
14274560 38377788
14278656 38393268
14282752 38267268
14286848 38413500
14290944 38470650
14295040 38381622
14299136 38409690
14303232 28949706
14307328 29067624
14311424 28927914
14315520 28827420
14319616 28877622
14323712 28911120
14327808 28950216
14331904 28887714
14336000 38407836
14340096 28792188
14344192 28920516
14348288 28856520
14352384 28868658
14356480 28859202
14360576 28941018
14364672 38455080
14368768 38467332
14372864 38379630
14376960 38413554
14381056 38254092
14385152 38443944
14389248 38446980
14393344 38457954
14397440 38376138
14401536 38437968
14405632 28908048
14409728 28842486
14413824 28921410
14417920 28922376
14422016 28967232
14426112 28873860
14430208 29136738
14434304 29020674
14438400 28997838
14442496 28943724
14446592 28846404
14450688 28958790
14454784 28968648
14458880 28926504
14462976 28821282
14467072 28915116
14471168 38424060
14475264 38441292
14479360 38421402
14483456 38471898
14487552 38387622
14491648 38421192
14495744 38429490
14499840 38403774
14503936 38370390
14508032 38375250
14512128 28970592
14516224 28962456
14520320 28825038
14524416 28888110
14528512 28906374
14532608 28855356
14536704 28886790
14540800 28848804
14544896 28895490
14548992 28933632
14553088 28839666
14557184 28986156
14561280 28793484
14565376 28949718
14569472 28910892
14573568 28988844
14577664 38387526
14581760 38316534
14585856 38401722
14589952 38456388
14594048 38368656
14598144 38405022
14602240 38333088
14606336 38484072
14610432 38363640
14614528 38394156
14618624 28872660
14622720 28882986
14626816 28831344
14630912 28911552
14635008 28810218
14639104 28865256
14643200 28779642
14647296 28910742
14651392 38357622
14655488 38400642
14659584 28911630
14663680 28906080
14667776 28972284
14671872 28894458
14675968 29077422
14680064 28859850
14684160 38266068
14688256 38467314
14692352 38495364
14696448 38375700
14700544 38385126
14704640 38456502
14708736 38375562
14712832 38373378
14716928 28904622
14721024 28954500
14725120 28951284
14729216 28871286
14733312 28849542
14737408 28891512
14741504 28940862
14745600 28948044
14749696 28913184
14753792 28814088
14757888 28937436
14761984 38489058
14766080 29023362
14770176 28953126
14774272 28974066
14778368 28848102
14782464 28889466
14786560 28919022
14790656 38396736
14794752 38505114
14798848 38365542
14802944 38357712
14807040 38402106
14811136 28986096
14815232 28856148
14819328 28942674
14823424 28967652
14827520 28927074
14831616 38354364
14835712 38476998
14839808 28966140
14843904 28884924
14848000 28878576
14852096 28870716
14856192 28927326
14860288 28861878
14864384 28947402
14868480 28937808
14872576 38360694
14876672 38353158
14880768 28908432
14884864 29004354
14888960 28915308
14893056 28867224
14897152 38463492
14901248 38344092
14905344 28984116
14909440 29046534
14913536 28995294
14917632 28898154
14921728 28906680
14925824 38354634
14929920 38470272
14934016 38409378
14938112 38419020
14942208 38487942
14946304 28955070
14950400 29001912
14954496 28892358
14958592 28775430
14962688 28918140
14966784 28894860
14970880 28918542
14974976 28827336
14979072 28941036
14983168 38420910
14987264 28866228
14991360 28969644
14995456 28912656
14999552 29003712
15003648 28940376
15007744 28936524
15011840 28944870
15015936 28990566
15020032 38390592
15024128 38427402
15028224 38354772
15032320 38423844
15036416 38453118
15040512 38496102
15044608 38322312
15048704 38390910
15052800 28837050
15056896 28973934
15060992 38416488
15065088 28936254
15069184 28913340
15073280 28932498
15077376 28903902
15081472 29483334
15085568 38501928
15089664 28956534
15093760 28938102
15097856 28843026
15101952 28952238
15106048 28854432
15110144 29015178
15114240 38448858
15118336 38458290
15122432 38349720
15126528 38409024
15130624 38370936
15134720 38398890
15138816 38411508
15142912 38448108
15147008 38348946
15151104 38360532
15155200 38394390
15159296 28872954
15163392 28968378
15167488 28942656
15171584 28874496
15175680 28931070
15179776 29516928
15183872 28914720
15187968 28900434
15192064 28933758
15196160 28810494
15200256 28849578
15204352 28890504
15208448 28918140
15212544 28894506
15216640 38428746
15220736 38346876
15224832 38417442
15228928 38385666
15233024 38404362
15237120 38429364
15241216 38406882
15245312 38431902
15249408 38385774
15253504 38377386
15257600 38410002
15261696 38330952
15265792 28861548
15269888 28836396
15273984 28798242
15278080 28952766
15282176 28844616
15286272 28910730
15290368 28906602
15294464 28848846
15298560 28865004
15302656 29021616
15306752 29115141
15310848 28924206
15314944 28882374
15319040 28993530
15323136 38412834
15327232 38432826
15331328 38344800
15335424 38361000
15339520 38383932
15343616 38428611
15347712 38440506
15351808 38362572
15355904 38376324
15360000 38331228
15364096 38396052
15368192 28989498
15372288 29029446
15376384 28840890
15380480 28884507
15384576 28884252
15388672 28866069
15392768 28885662
15396864 28895217
15400960 38421813
15405056 28863600
15409152 28990962
15413248 28944522
15417344 28909896
15421440 28950918
15425536 28903764
15429632 38409474
15433728 38456052
15437824 38426514
15441920 38404686
15446016 38402772
15450112 38455176
15454208 38372862
15458304 38304510
15462400 28915368
15466496 28989372
15470592 28927578
15474688 28902168
15478784 28927620
15482880 28866972
15486976 28826190
15491072 28852920
15495168 28915026
15499264 28834482
15503360 28898574
15507456 38376846
15511552 38392290
15515648 28844622
15519744 28945710
15523840 29012058
15527936 28861308
15532032 28941102
15536128 38286354
15540224 28994772
15544320 38412744
15548416 38369424
15552512 38392536
15556608 29003868
15560704 29021244
15564800 28911606
15568896 28920204
15572992 28942254
15577088 28954572
15581184 38339526
15585280 38455902
15589376 38419614
15593472 28916808
15597568 28924716
15601664 28944744
15605760 28731738
15609856 28884582
15613952 29032908
15618048 38384898
15622144 38413302
15626240 38390208
15630336 38427726
15634432 28884180
15638528 28880040
15642624 28838106
15646720 28856088
15650816 38410626
15654912 28918854
15659008 28902738
15663104 28895268
15667200 28945350
15671296 29008788
15675392 38334330
15679488 38380518
15683584 38415714
15687680 38362224
15691776 38386314
15695872 28911114
15699968 28798740
15704064 28932480
15708160 28770318
15712256 28900776
15716352 28788366
15720448 28928514
15724544 28902522
15728640 38427432
15732736 38361390
15736832 38348382
15740928 28951824
15745024 28961568
15749120 28753698
15753216 28891158
15757312 28920078
15761408 28871736
15765504 28952364
15769600 38414220
15773696 38316252
15777792 38397762
15781888 38401284
15785984 38367018
15790080 38442114
15794176 38374494
15798272 38315946
15802368 28841820
15806464 28972938
15810560 28884642
15814656 28860108
15818752 28793736
15822848 28767840
15826944 28913298
15831040 28991466
15835136 38440830
15839232 28852956
15843328 28927518
15847424 28880526
15851520 28855908
15855616 28931334
15859712 28894644
15863808 38351814
15867904 38382228
15872000 38327532
15876096 38398878
15880192 38399046
15884288 38330922
15888384 38368656
15892480 38389032
15896576 38360586
15900672 38300454
15904768 38303076
15908864 28813410
15912960 28923840
15917056 28858278
15921152 28894392
15925248 28847718
15929344 28939674
15933440 28860294
15937536 28882146
15941632 28909638
15945728 28853064
15949824 28743528
15953920 28812210
15958016 28957980
15962112 28826148
15966208 28893990
15970304 38427516
15974400 38352102
15978496 38374644
15982592 38444676
15986688 38436504
15990784 38411814
15994880 38361204
15998976 38344554
16003072 38343888
16007168 38357520
16011264 38295234
16015360 28960602
16019456 28889280
16023552 29020626
16027648 28769784
16031744 29022444
16035840 28884444
16039936 28943694
16044032 28947858
16048128 28995660
16052224 28833984
16056320 28904736
16060416 28862046
16064512 28948362
16068608 28834164
16072704 28984818
16076800 38429052
16080896 38299806
16084992 38422716
16089088 38329794
16093184 38416776
16097280 38456838
16101376 38354160
16105472 38414676
16109568 38361336
16113664 38361546
16117760 38280030
16121856 28965642
16125952 28970760
16130048 28820514
16134144 28799196
16138240 28869000
16142336 28888614
16146432 28862430
16150528 38379966
16154624 38429142
16158720 28749612
16162816 28970052
16166912 28934568
16171008 28968942
16175104 28793232
16179200 29013000
16183296 38297772
16187392 38344464
16191488 38423760
16195584 38342184
16199680 28946796
16203776 28923786
16207872 38375922
16211968 38289942
16216064 28945122
16220160 28949268
16224256 28975902
16228352 28903920
16232448 29089236
16236544 28886532
16240640 28843794
16244736 28839762
16248832 28804980
16252928 28936932
16257024 38354748
16261120 38298252
16265216 38370636
16269312 38439498
16273408 28835946
16277504 28832970
16281600 28871238
16285696 28877868
16289792 28918482
16293888 28860420
16297984 38351250
16302080 38370318
16306176 38442810
16310272 38371542
16314368 29114328
16318464 28813368
16322560 29009754
16326656 29015442
16330752 38332614
16334848 38363550
16338944 28925850
16343040 28886820
16347136 28918872
16351232 28850316
16355328 28927170
16359424 28771404
16363520 28875288
16367616 28891782
16371712 38383734
16375808 38400852
16379904 28887270
16384000 28955454
