0.00390625 15.9612225
0.0078125 15.9996525
0.01171875 16.0323075
0.015625 15.9864025
0.01953125 16.0263975
0.0234375 16.022975
0.02734375 15.9711575
0.03125 15.98096
0.03515625 16.003015
0.0390625 15.9895075
0.04296875 16.0159625
0.046875 15.97214
0.05078125 15.9733825
0.0546875 16.0033475
0.05859375 16.0104175
0.0625 16.00889
0.06640625 12.05434
0.0703125 12.014075
0.07421875 12.0353075
0.078125 16.006105
0.08203125 15.97316
0.0859375 15.991445
0.08984375 15.9939575
0.09375 12.0588275
0.09765625 12.0631225
0.1015625 11.9872875
0.10546875 12.0373875
0.109375 12.0324725
0.11328125 12.03124
0.1171875 12.0718975
0.12109375 16.005065
0.125 16.0042225
0.12890625 15.9789075
0.1328125 16.0168675
0.13671875 16.0199125
0.140625 16.00857
0.14453125 16.00595
0.1484375 12.098685
0.15234375 12.076885
0.15625 12.0712575
0.16015625 12.02091
0.1640625 12.05426
0.16796875 12.0421875
0.171875 12.02309
0.17578125 12.03326
0.1796875 12.039355
0.18359375 16.001355
0.1875 12.06559
0.19140625 12.03619
0.1953125 12.015415
0.19921875 12.01677
0.203125 12.0433575
0.20703125 12.0260575
0.2109375 12.064755
0.21484375 12.018645
0.21875 12.055125
0.22265625 12.03265
0.2265625 15.964755
0.23046875 16.0115025
0.234375 16.02523
0.23828125 16.02565
0.2421875 15.97096875
0.24609375 15.98285875
0.25 12.0457
0.25390625 12.04827
0.2578125 12.0187925
0.26171875 12.0414925
0.265625 12.0262975
0.26953125 12.06796
0.2734375 12.0295625
0.27734375 12.0465575
0.28125 16.0313425
0.28515625 15.9798275
0.2890625 12.002025
0.29296875 12.032315
0.296875 12.0330125
0.30078125 12.0305675
0.3046875 12.01547
0.30859375 11.986655
0.3125 12.04578
0.31640625 12.03497
0.3203125 15.999915
0.32421875 16.00779
0.328125 16.006995
0.33203125 16.019655
0.3359375 15.998965
0.33984375 15.981445
0.34375 15.9817775
0.34765625 15.9556775
0.3515625 15.96159
0.35546875 16.0155025
0.359375 12.04625
0.36328125 12.0225175
0.3671875 12.0490225
0.37109375 12.00552
0.375 12.041465
0.37890625 12.05371
0.3828125 16.00842
0.38671875 16.0012725
0.390625 12.0563525
0.39453125 12.030165
0.3984375 12.02757
0.40234375 11.99113
0.40625 12.009225
0.41015625 11.9880575
0.4140625 12.058085
0.41796875 12.00214
0.421875 15.99888
0.42578125 15.98917
0.4296875 15.9781775
0.43359375 15.998715
0.4375 16.010565
0.44140625 16.00313
0.4453125 15.980985
0.44921875 15.9969675
0.453125 15.9750825
0.45703125 15.9293325
0.4609375 12.05646
0.46484375 12.0523525
0.46875 12.0094825
0.47265625 12.0513075
0.4765625 12.0707575
0.48046875 12.0663475
0.484375 15.98369
0.48828125 16.0153925
0.4921875 12.0533
0.49609375 16.0124325
0.5 12.0380975
0.50390625 12.0573175
0.5078125 12.0474525
0.51171875 12.0788175
0.515625 12.077025
0.51953125 12.03029
0.5234375 16.0263675
0.52734375 16.0160875
0.53125 16.0158325
0.53515625 16.0253575
0.5390625 15.99295
0.54296875 12.055465
0.546875 12.02897
0.55078125 12.05118
0.5546875 12.0684475
0.55859375 12.060345
0.5625 12.0398575
0.56640625 12.0370075
0.5703125 12.014545
0.57421875 12.036975
0.578125 16.0392825
0.58203125 16.00717
0.5859375 12.0789075
0.58984375 12.050545
0.59375 12.0953
0.59765625 12.07703
0.6015625 12.283265
0.60546875 12.026025
0.609375 12.0796925
0.61328125 12.059585
0.6171875 12.05233
0.62109375 12.044185
0.625 15.9880625
0.62890625 15.99982
0.6328125 16.0175475
0.63671875 12.03319
0.640625 12.1500475
0.64453125 12.0788525
0.6484375 12.0694775
0.65234375 12.1034275
0.65625 12.025175
0.66015625 12.05292
0.6640625 12.049095
0.66796875 12.0492025
0.671875 12.0198775
0.67578125 12.0587625
0.6796875 16.0380375
0.68359375 16.017275
0.6875 15.995415
0.69140625 12.0050925
0.6953125 12.3214075
0.69921875 12.0330775
0.703125 12.017725
0.70703125 12.0192075
0.7109375 12.0562975
0.71484375 12.05361
0.71875 12.030215
0.72265625 12.018465
0.7265625 16.0070625
0.73046875 12.0714925
0.734375 12.070235
0.73828125 12.0683075
0.7421875 12.0867925
0.74609375 12.0315325
0.75 15.9808725
0.75390625 12.0460025
0.7578125 12.1117
0.76171875 12.035825
0.765625 12.06229
0.76953125 12.0643225
0.7734375 12.0320325
0.77734375 15.988475
0.78125 16.0186525
0.78515625 16.0022425
0.7890625 16.04143
0.79296875 12.0314375
0.796875 12.07392
0.80078125 12.0650225
0.8046875 12.0440675
0.80859375 12.065755
0.8125 12.0472625
0.81640625 12.09353
0.8203125 12.0645975
0.82421875 12.06333
0.828125 12.06818
0.83203125 12.0650825
0.8359375 12.06646
0.83984375 16.00185
0.84375 15.9944
0.84765625 16.00313
0.8515625 16.0108575
0.85546875 16.004315
0.859375 16.028525
0.86328125 12.025455
0.8671875 12.033875
0.87109375 12.063565
0.875 12.03131
0.87890625 12.0518825
0.8828125 12.0724975
0.88671875 12.00198
0.890625 12.0799925
0.89453125 12.0060725
0.8984375 12.044685
0.90234375 12.0324275
0.90625 12.0471725
0.91015625 12.04498
0.9140625 12.057675
0.91796875 12.0493125
0.921875 12.0792025
0.92578125 12.100885
0.9296875 15.9993325
0.93359375 16.00676
0.9375 15.97442
0.94140625 16.030385
0.9453125 16.0025075
0.94921875 15.9894925
0.953125 16.02049
0.95703125 15.9960175
0.9609375 12.030495
0.96484375 12.0267875
0.96875 12.0288875
0.97265625 12.050865
0.9765625 12.0618875
0.98046875 12.028395
0.984375 15.98677
0.98828125 15.9909575
0.9921875 12.038475
0.99609375 12.0399
1.0 12.0350125
1.00390625 12.0231125
1.0078125 12.0456525
1.01171875 12.0185325
1.015625 12.062655
1.01953125 12.116715
1.0234375 12.1441675
1.02734375 12.0045875
1.03125 12.1066175
1.03515625 16.0375275
1.0390625 16.01741
1.04296875 15.97706
1.046875 16.0030125
1.05078125 15.9981375
1.0546875 15.9782825
1.05859375 15.9863775
1.0625 12.0788625
1.06640625 12.0495
1.0703125 12.0780325
1.07421875 12.057545
1.078125 12.05160875
1.08203125 12.04248
1.0859375 12.0740725
1.08984375 12.0672475
1.09375 12.04012
1.09765625 12.0539925
1.1015625 12.0612775
1.10546875 12.0536125
1.109375 12.024775
1.11328125 12.038205
1.1171875 12.0202925
1.12109375 12.0429575
1.125 12.062945
1.12890625 12.037165
1.1328125 12.0097425
1.13671875 12.0529925
1.140625 15.9843575
1.14453125 16.0008425
1.1484375 15.986065
1.15234375 15.9992875
1.15625 15.990955
1.16015625 15.9674575
1.1640625 12.0222075
1.16796875 12.0539325
1.171875 12.0580725
1.17578125 12.0462075
1.1796875 12.07705
1.18359375 12.052825
1.1875 15.99875
1.19140625 15.981445
1.1953125 12.0378575
1.19921875 11.9942925
1.203125 12.00554
1.20703125 12.0431975
1.2109375 12.0311725
1.21484375 12.04099
1.21875 12.0341175
1.22265625 12.028355
1.2265625 12.0688275
1.23046875 12.055115
1.234375 12.082815
1.23828125 15.987085
1.2421875 16.0070225
1.24609375 15.92679
1.25 16.0380875
1.25390625 16.0235575
1.2578125 12.0639275
1.26171875 12.086155
1.265625 12.05247
1.26953125 12.06141
1.2734375 12.0085
1.27734375 12.076725
1.28125 12.045055
1.28515625 15.9731375
1.2890625 16.0463825
1.29296875 16.0019325
1.296875 12.14697375
1.30078125 12.05387
1.3046875 12.0534475
1.30859375 12.04343
1.3125 12.0485225
1.31640625 12.0297875
1.3203125 12.0347525
1.32421875 12.0517775
1.328125 12.06521
1.33203125 12.0953625
1.3359375 12.0315075
1.33984375 15.99476
1.34375 16.00961125
1.34765625 12.0530575
1.3515625 12.09544
1.35546875 12.054025
1.359375 12.0288075
1.36328125 12.07934375
1.3671875 12.0116375
1.37109375 12.03959
1.375 11.9712225
1.37890625 12.0417175
1.3828125 15.9823125
1.38671875 16.00431
1.390625 15.9898875
1.39453125 15.93957
1.3984375 16.005285
1.40234375 15.987995
1.40625 12.0526375
1.41015625 12.041395
1.4140625 12.01848
1.41796875 12.0251825
1.421875 12.0293025
1.42578125 12.0472525
1.4296875 12.03948
1.43359375 12.07934
1.4375 12.10573
1.44140625 12.022405
1.4453125 12.01284
1.44921875 12.0767775
1.453125 12.060275
1.45703125 12.04989
1.4609375 16.00242
1.46484375 12.06029
1.46875 12.1085725
1.47265625 12.0672575
1.4765625 12.044
1.48046875 12.02944
1.484375 16.0055775
1.48828125 16.0169775
1.4921875 16.0139425
1.49609375 16.0091575
1.5 16.02074
1.50390625 16.017715
1.5078125 12.04559
1.51171875 12.0257075
1.515625 12.0390375
1.51953125 12.0528275
1.5234375 12.05196
1.52734375 12.0487425
1.53125 12.06315
1.53515625 12.053335
1.5390625 12.046915
1.54296875 12.034985
1.546875 12.0416075
1.55078125 15.96505
1.5546875 16.02131
1.55859375 15.9857
1.5625 12.0427825
1.56640625 12.0380675
1.5703125 12.01937
1.57421875 12.069555
1.578125 12.085
1.58203125 12.0507075
1.5859375 15.9876725
1.58984375 16.0043175
1.59375 16.00846
1.59765625 16.0061725
1.6015625 16.014725
1.60546875 16.0234475
1.609375 12.0584625
1.61328125 12.037105
1.6171875 12.0250825
1.62109375 12.047065
1.625 12.044295
1.62890625 12.0224425
1.6328125 12.0443075
1.63671875 12.0364175
1.640625 16.00011
1.64453125 16.0260925
1.6484375 16.01884
1.65234375 16.0240025
1.65625 16.001995
1.66015625 16.0227875
1.6640625 15.9666225
1.66796875 16.02137
1.671875 12.05436
1.67578125 12.0778375
1.6796875 12.04993
1.68359375 12.02955
1.6875 15.9680425
1.69140625 16.0037325
1.6953125 16.0187375
1.69921875 15.99069
1.703125 16.0135025
1.70703125 12.050905
1.7109375 12.0423375
1.71484375 12.0483925
1.71875 12.0427175
1.72265625 12.02594
1.7265625 12.0679425
1.73046875 12.0702475
1.734375 12.0839875
1.73828125 12.02772
1.7421875 12.107885
1.74609375 12.04925
1.75 15.9965125
1.75390625 16.0342525
1.7578125 16.005325
1.76171875 16.00625
1.765625 16.001965
1.76953125 12.046335
1.7734375 12.0734125
1.77734375 12.0685575
1.78125 12.0459625
1.78515625 15.9910625
1.7890625 15.977745
1.79296875 15.996025
1.796875 12.07184
1.80078125 12.0623525
1.8046875 12.013555
1.80859375 12.0592
1.8125 12.0473425
1.81640625 12.0407275
1.8203125 12.0573875
1.82421875 12.033705
1.828125 12.0048
1.83203125 12.0283975
1.8359375 12.073625
1.83984375 12.06124
1.84375 12.0156525
1.84765625 12.0766725
1.8515625 16.000575
1.85546875 16.020955
1.859375 15.9961
1.86328125 15.996875
1.8671875 16.020585
1.87109375 12.0461375
1.875 12.04821
1.87890625 12.08802
1.8828125 12.0512025
1.88671875 12.0826875
1.890625 12.012355
1.89453125 12.08225
1.8984375 12.10017
1.90234375 12.0306725
1.90625 15.9865
1.91015625 12.032265
1.9140625 12.0913225
1.91796875 12.067355
1.921875 12.109175
1.92578125 12.0517
1.9296875 12.0433775
1.93359375 12.01629
1.9375 12.0785625
1.94140625 12.0320325
1.9453125 12.036685
1.94921875 12.07531
1.953125 16.0150375
1.95703125 16.0260675
1.9609375 15.94118
1.96484375 16.00221
1.96875 12.0488625
1.97265625 12.08212
1.9765625 12.01859
1.98046875 12.0498375
1.984375 12.1105575
1.98828125 12.03231
1.9921875 11.9682075
1.99609375 15.9905325
2.0 16.0013625
2.00390625 16.002045
2.0078125 16.01437
2.01171875 12.0399825
2.015625 12.0502775
2.01953125 12.018735
2.0234375 12.043685
2.02734375 12.0533125
2.03125 12.072895
2.03515625 12.048985
2.0390625 15.969985
2.04296875 16.0056875
2.046875 12.14930875
2.05078125 12.0459525
2.0546875 12.0483875
2.05859375 12.068355
2.0625 12.021665
2.06640625 12.0764725
2.0703125 12.044735
2.07421875 12.0790725
2.078125 12.0241
2.08203125 12.06469
2.0859375 12.0844925
2.08984375 16.0397025
2.09375 16.019585
2.09765625 16.01042
2.1015625 15.9935325
2.10546875 15.9942325
2.109375 12.0775
2.11328125 12.07711
2.1171875 12.028975
2.12109375 12.06338
2.125 12.08813
2.12890625 12.0714625
2.1328125 12.028665
2.13671875 12.078865
2.140625 15.98942
2.14453125 12.025645
2.1484375 12.0211675
2.15234375 12.058745
2.15625 12.0629575
2.16015625 12.03632
2.1640625 12.0377575
2.16796875 12.0244675
2.171875 12.091185
2.17578125 12.05005
2.1796875 12.0622075
2.18359375 12.050325
2.1875 15.991785
2.19140625 16.008905
2.1953125 16.0082975
2.19921875 16.0226375
2.203125 16.00956
2.20703125 12.0508825
2.2109375 12.0455475
2.21484375 12.0279925
2.21875 12.022075
2.22265625 12.0753325
2.2265625 12.050195
2.23046875 12.07553
2.234375 12.05759
2.23828125 16.0094875
2.2421875 15.99567
2.24609375 12.0460275
2.25 12.076475
2.25390625 12.0321225
2.2578125 12.07235
2.26171875 12.0242575
2.265625 12.0262025
2.26953125 12.046055
2.2734375 12.03027
2.27734375 12.08839
2.28125 12.0805775
2.28515625 16.019715
2.2890625 16.00174
2.29296875 16.0121925
2.296875 15.995685
2.30078125 16.0240575
2.3046875 16.01475
2.30859375 12.0489
2.3125 12.0580375
2.31640625 12.0726275
2.3203125 12.0430175
2.32421875 12.04528
2.328125 12.0411425
2.33203125 12.031085
2.3359375 12.0265475
2.33984375 12.0638725
2.34375 12.069935
2.34765625 12.0651
2.3515625 12.076615
2.35546875 12.056455
2.359375 12.0228525
2.36328125 12.017865
2.3671875 12.029945
2.37109375 11.95270125
2.375 12.0742175
2.37890625 12.0454875
2.3828125 12.082195
2.38671875 12.03388
2.390625 12.062295
2.39453125 16.00552
2.3984375 16.03977
2.40234375 15.99538
2.40625 16.02261
2.41015625 12.0448425
2.4140625 12.0826525
2.41796875 12.0813875
2.421875 12.0522125
2.42578125 12.056155
2.4296875 12.03114
2.43359375 12.0589275
2.4375 12.056375
2.44140625 12.047585
2.4453125 15.9935375
2.44921875 12.0292025
2.453125 12.0437325
2.45703125 12.0597825
2.4609375 12.0980875
2.46484375 12.0094775
2.46875 12.0354325
2.47265625 12.060265
2.4765625 12.0652175
2.48046875 12.04836
2.484375 12.066105
2.48828125 12.083595
2.4921875 15.97119
2.49609375 12.072075
2.5 12.0586
2.50390625 16.0236575
2.5078125 12.0371975
2.51171875 12.060905
2.515625 12.0521125
2.51953125 12.062995
2.5234375 12.03688
2.52734375 12.051985
2.53125 12.046715
2.53515625 12.0452925
2.5390625 12.06979
2.54296875 12.0743425
2.546875 12.084655
2.55078125 12.08404
2.5546875 12.03236
2.55859375 12.0852975
2.5625 12.0782975
2.56640625 12.0505025
2.5703125 12.012945
2.57421875 12.0656875
2.578125 12.0457475
2.58203125 12.0819875
2.5859375 12.06101
2.58984375 12.0865675
2.59375 16.014435
2.59765625 12.2386575
2.6015625 12.07273
2.60546875 12.052015
2.609375 12.072715
2.61328125 12.0286925
2.6171875 15.989415
2.62109375 12.0665
2.625 12.02081
2.62890625 12.044095
2.6328125 12.0836225
2.63671875 12.02008
2.640625 12.07106875
2.64453125 12.05656
2.6484375 15.997315
2.65234375 16.0039425
2.65625 12.050715
2.66015625 12.049125
2.6640625 12.0735425
2.66796875 12.05021
2.671875 12.0346275
2.67578125 12.0237775
2.6796875 12.0488725
2.68359375 11.9029375
2.6875 12.007795
2.69140625 12.0858675
2.6953125 12.085415
2.69921875 12.062515
2.703125 12.056295
2.70703125 15.976465
2.7109375 16.0041675
2.71484375 15.9796325
2.71875 15.9931625
2.72265625 12.006185
2.7265625 12.0588375
2.73046875 12.0625025
2.734375 12.0349425
2.73828125 12.02936
2.7421875 12.0325725
2.74609375 12.0470425
2.75 12.049315
2.75390625 12.04718
2.7578125 16.0071975
2.76171875 11.99596
2.765625 12.077075
2.76953125 12.00681
2.7734375 12.024685
2.77734375 12.04664
2.78125 12.0719725
2.78515625 12.0018025
2.7890625 12.0184425
2.79296875 12.07241
2.796875 12.067805
2.80078125 16.017975
2.8046875 15.978525
2.80859375 16.0130275
2.8125 16.003585
2.81640625 15.94982625
2.8203125 15.9628425
2.82421875 12.03158875
2.828125 12.081895
2.83203125 12.0232225
2.8359375 11.9573
2.83984375 12.0452625
2.84375 12.0579925
2.84765625 12.04532
2.8515625 12.0514275
2.85546875 12.34186
2.859375 12.117325
2.86328125 12.048535
2.8671875 12.0659425
2.87109375 12.045305
2.875 12.03295625
2.87890625 12.0303275
2.8828125 12.0537175
2.88671875 12.0506725
2.890625 12.06557
2.89453125 15.995855
2.8984375 15.979465
2.90234375 15.96044625
2.90625 16.019305
2.91015625 15.9847975
2.9140625 15.94849625
2.91796875 15.97664
2.921875 16.0391075
2.92578125 12.0243425
2.9296875 15.99407
2.93359375 12.0652
2.9375 12.0396025
2.94140625 12.067815
2.9453125 12.0802775
2.94921875 12.0064775
2.953125 16.0235275
2.95703125 12.066535
2.9609375 12.053855
2.96484375 12.05244
2.96875 12.030795
2.97265625 12.05457
2.9765625 12.04532
2.98046875 12.040685
2.984375 12.1066925
2.98828125 12.07722
2.9921875 15.99583
2.99609375 16.036755
3.0 16.02211
3.00390625 16.0178775
3.0078125 16.0177525
3.01171875 15.9708525
3.015625 16.0029875
3.01953125 16.00409
3.0234375 15.9549575
3.02734375 16.02983
3.03125 12.0655325
3.03515625 12.05855
3.0390625 12.02156
3.04296875 12.09474375
3.046875 12.0689875
3.05078125 12.0215375
3.0546875 12.053585
3.05859375 12.0453025
3.0625 12.05513
3.06640625 12.078645
3.0703125 12.0114875
3.07421875 12.034675
3.078125 12.0229425
3.08203125 12.063545
3.0859375 12.0465275
3.08984375 12.0371125
3.09375 15.993305
3.09765625 15.99948
3.1015625 16.00243
3.10546875 16.0106025
3.109375 15.9795175
3.11328125 15.9751275
3.1171875 15.99947
3.12109375 15.991675
3.125 16.0074525
3.12890625 15.9845075
3.1328125 12.05008
3.13671875 12.06449
3.140625 12.0471525
3.14453125 12.03352
3.1484375 12.05682
3.15234375 12.0361
3.15625 15.9948475
3.16015625 12.0481875
3.1640625 12.0447625
3.16796875 12.070895
3.171875 12.033365
3.17578125 12.0659575
3.1796875 12.00715
3.18359375 12.048005
3.1875 12.018515
3.19140625 16.0079175
3.1953125 16.0066025
3.19921875 16.0114175
3.203125 16.03377
3.20703125 15.9945125
3.2109375 15.9812
3.21484375 15.9713225
3.21875 16.009765
3.22265625 12.0666675
3.2265625 12.079435
3.23046875 12.0388575
3.234375 12.0210325
3.23828125 12.0152
3.2421875 12.0471575
3.24609375 12.03535
3.25 12.044615
3.25390625 12.043195
3.2578125 16.02541
3.26171875 16.0523675
3.265625 12.0698325
3.26953125 12.0551425
3.2734375 12.0518475
3.27734375 12.0756825
3.28125 11.9975075
3.28515625 12.0628125
3.2890625 12.0765225
3.29296875 15.999235
3.296875 15.967825
3.30078125 15.9942975
3.3046875 16.022675
3.30859375 15.975815
3.3125 12.03139
3.31640625 12.10713
3.3203125 12.06426
3.32421875 12.0501925
3.328125 12.0768425
3.33203125 11.9996125
3.3359375 12.0251575
3.33984375 12.026805
3.34375 12.0263725
3.34765625 12.0250975
3.3515625 12.0268225
3.35546875 12.072035
3.359375 12.052985
3.36328125 12.0814425
3.3671875 15.993635
3.37109375 12.002095
3.375 12.050355
3.37890625 12.050015
3.3828125 12.018975
3.38671875 12.049895
3.390625 12.0224025
3.39453125 12.03496
3.3984375 15.996265
3.40234375 15.9923275
3.40625 15.9786425
3.41015625 12.0989625
3.4140625 12.0840875
3.41796875 12.0622025
3.421875 12.3423475
3.42578125 15.9937225
3.4296875 15.988605
3.43359375 12.0718625
3.4375 12.0409525
3.44140625 12.0694675
3.4453125 12.02173
3.44921875 12.0464775
3.453125 12.0428075
3.45703125 12.0514525
3.4609375 12.0572525
3.46484375 12.0763
3.46875 12.0456625
3.47265625 12.0104175
3.4765625 12.03655125
3.48046875 12.025945
3.484375 12.04781
3.48828125 12.0414325
3.4921875 12.0569275
3.49609375 12.0575275
3.5 12.06056
3.50390625 12.32142
3.5078125 12.09614
3.51171875 15.9877375
3.515625 16.00679
3.51953125 15.9981475
3.5234375 16.02314
3.52734375 15.971665
3.53125 16.030275
3.53515625 12.08535
3.5390625 12.09877
3.54296875 12.0670825
3.546875 12.0217625
3.55078125 12.0170325
3.5546875 12.041185
3.55859375 12.0877075
3.5625 12.0357775
3.56640625 12.0564025
3.5703125 12.0217
3.57421875 12.0653225
3.578125 12.046025
3.58203125 12.02737
3.5859375 12.0271025
3.58984375 12.0321775
3.59375 12.0570175
3.59765625 15.9633575
3.6015625 16.021505
3.60546875 16.0136625
3.609375 15.9995475
3.61328125 16.0424625
3.6171875 16.0071825
3.62109375 16.0117325
3.625 15.99466
3.62890625 15.9887525
3.6328125 16.00398
3.63671875 12.060005
3.640625 12.00281
3.64453125 12.059935
3.6484375 12.04316
3.65234375 12.057415
3.65625 12.070775
3.66015625 12.03961
3.6640625 12.0929675
3.66796875 12.049735
3.671875 12.0534175
3.67578125 12.0361125
3.6796875 12.0495775
3.68359375 12.04689
3.6875 12.0668
3.69140625 12.0658325
3.6953125 12.0299625
3.69921875 15.979475
3.703125 15.9767525
3.70703125 16.015935
3.7109375 15.984285
3.71484375 15.97569
3.71875 15.9892125
3.72265625 16.0033625
3.7265625 15.9948675
3.73046875 16.01861
3.734375 16.012615
3.73828125 12.049615
3.7421875 12.062305
3.74609375 12.0397575
3.75 12.033185
3.75390625 12.011925
3.7578125 12.0360675
3.76171875 12.0334
3.765625 12.0531425
3.76953125 12.0354
3.7734375 12.063175
3.77734375 12.0403625
3.78125 12.0333825
3.78515625 12.0517075
3.7890625 12.01284
3.79296875 12.0647425
3.796875 16.0310725
3.80078125 16.01295
3.8046875 15.9792425
3.80859375 16.036015
3.8125 15.9893
3.81640625 15.98864
3.8203125 16.0045675
3.82421875 15.9716025
3.828125 16.0213125
3.83203125 15.9990125
3.8359375 16.02479
3.83984375 12.1082275
3.84375 12.0154
3.84765625 12.06095
3.8515625 12.03803
3.85546875 12.0551075
3.859375 12.066795
3.86328125 12.0780225
3.8671875 12.02837
3.87109375 12.0837725
3.875 15.963565
3.87890625 12.0706
3.8828125 12.0433175
3.88671875 12.0333075
3.890625 12.0420125
3.89453125 12.0358225
3.8984375 12.0426525
3.90234375 16.013045
3.90625 16.0037175
3.91015625 16.0168125
3.9140625 15.986145
3.91796875 16.0197475
3.921875 15.97719
3.92578125 16.0217525
3.9296875 15.9910575
3.93359375 12.0212575
3.9375 12.07107
3.94140625 12.06666
3.9453125 12.05447
3.94921875 12.0629275
3.953125 12.01512
3.95703125 12.03891
3.9609375 12.000275
3.96484375 12.0220125
3.96875 12.02943
3.97265625 12.068315
3.9765625 12.04767
3.98046875 12.02847
3.984375 12.010115
3.98828125 12.0513425
3.9921875 12.032675
3.99609375 12.0170475
4.0 15.9676975
4.00390625 15.9938025
4.0078125 16.00685
4.01171875 16.006655
4.015625 15.989985
4.01953125 16.00786
4.0234375 12.0979875
4.02734375 12.093105
4.03125 12.0731
4.03515625 12.0428725
4.0390625 12.016635
4.04296875 15.99821
4.046875 15.9885825
4.05078125 12.0467025
4.0546875 12.0820675
4.05859375 12.0562
4.0625 11.9927825
4.06640625 12.03409
4.0703125 12.0625
4.07421875 12.0323675
4.078125 16.0167725
4.08203125 16.013665
4.0859375 12.0452725
4.08984375 12.03088
4.09375 12.0670425
4.09765625 12.04451
4.1015625 12.027725
4.10546875 12.03355
4.109375 15.978785
4.11328125 16.007425
4.1171875 15.9657475
4.12109375 12.0502825
4.125 12.06255
4.12890625 12.04565
4.1328125 12.0480975
4.13671875 12.089895
4.140625 16.00337
4.14453125 12.0281975
4.1484375 12.103275
4.15234375 12.1054875
4.15625 12.0148825
4.16015625 11.999805
4.1640625 12.0617175
4.16796875 12.076795
4.171875 12.0353925
4.17578125 12.0598175
4.1796875 16.0100875
4.18359375 15.988945
4.1875 12.1117025
4.19140625 12.0282075
4.1953125 12.0639825
4.19921875 12.065625
4.203125 12.038555
4.20703125 12.052625
4.2109375 12.0608925
4.21484375 12.045485
4.21875 12.0779
4.22265625 12.15184
4.2265625 16.02089
4.23046875 15.99861
4.234375 12.009385
4.23828125 12.08411
4.2421875 12.0141875
4.24609375 12.07531
4.25 12.0855975
4.25390625 15.055805
4.2578125 12.159165
4.26171875 12.317275
4.265625 12.0648225
4.26953125 12.07164
4.2734375 12.0388
4.27734375 12.067445
4.28125 15.9730375
4.28515625 16.00123
4.2890625 12.0374175
4.29296875 12.0768725
4.296875 12.0619075
4.30078125 12.03886
4.3046875 12.0277575
4.30859375 12.039685
4.3125 12.0495725
4.31640625 16.0052375
4.3203125 16.02618
4.32421875 12.0498425
4.328125 12.099325
4.33203125 12.062495
4.3359375 12.1148275
4.33984375 12.0849975
4.34375 16.0215275
4.34765625 16.00077
4.3515625 16.02989
4.35546875 16.036605
4.359375 12.08019
4.36328125 12.02691
4.3671875 12.0538125
4.37109375 12.0613
4.375 12.1372775
4.37890625 11.9953975
4.3828125 15.9835175
4.38671875 12.12134
4.390625 12.0293125
4.39453125 12.0324325
4.3984375 12.049725
4.40234375 12.0197525
4.40625 12.0447775
4.41015625 12.0362075
4.4140625 15.96335
4.41796875 12.0542175
4.421875 12.0634425
4.42578125 12.0918575
4.4296875 12.0593675
4.43359375 12.0955625
4.4375 16.00042
4.44140625 16.016025
4.4453125 15.9845625
4.44921875 16.0054525
4.453125 12.0641025
4.45703125 12.0721375
4.4609375 12.0220575
4.46484375 11.9939075
4.46875 12.04092
4.47265625 12.0313575
4.4765625 12.0120575
4.48046875 12.038125
4.484375 12.083605
4.48828125 12.063935
4.4921875 12.0609525
4.49609375 12.0448925
4.5 12.03744
4.50390625 12.07067
4.5078125 12.0286875
4.51171875 12.0293075
4.515625 12.02644
4.51953125 12.06541
4.5234375 12.0610375
4.52734375 16.0200125
4.53125 15.98524
4.53515625 15.9820825
4.5390625 16.0108425
4.54296875 16.0112975
4.546875 15.98613
4.55078125 15.96762
4.5546875 16.0047775
4.55859375 12.0575875
4.5625 12.01562
4.56640625 12.0251275
4.5703125 12.0606925
4.57421875 12.0574425
4.578125 12.003585
4.58203125 12.0504975
4.5859375 12.069295
4.58984375 15.99008
4.59375 12.0651625
4.59765625 12.022295
4.6015625 12.0536925
4.60546875 11.9963325
4.609375 12.072875
4.61328125 12.0279
4.6171875 16.0132
4.62109375 16.0044875
4.625 15.9947375
4.62890625 16.0071575
4.6328125 15.9697275
4.63671875 16.0239975
4.640625 16.01228
4.64453125 15.99504
4.6484375 15.969145
4.65234375 16.00608
4.65625 12.0449275
4.66015625 12.032385
4.6640625 12.012325
4.66796875 12.00921
4.671875 12.057955
4.67578125 12.0646275
4.6796875 12.0604175
4.68359375 12.0427775
4.6875 12.082325
4.69140625 12.081825
4.6953125 12.0777975
4.69921875 15.9708575
4.703125 12.0492575
4.70703125 12.04718
4.7109375 12.1077
4.71484375 12.04177
4.71875 12.0492575
4.72265625 12.0644625
4.7265625 15.97181
4.73046875 16.01588
4.734375 15.993845
4.73828125 16.0077775
4.7421875 16.0097125
4.74609375 15.9865
4.75 16.033855
4.75390625 15.979505
4.7578125 16.0077975
4.76171875 11.9950075
4.765625 12.034535
4.76953125 12.0519425
4.7734375 12.04566
4.77734375 12.0293625
4.78125 12.0379625
4.78515625 12.05836
4.7890625 12.0482875
4.79296875 12.028375
4.796875 16.0255825
4.80078125 15.998055
4.8046875 12.07165
4.80859375 12.0580125
4.8125 12.054225
4.81640625 12.0559925
4.8203125 12.0160775
4.82421875 16.0056275
4.828125 16.0127925
4.83203125 15.9947025
4.8359375 16.0022325
4.83984375 15.9825425
4.84375 16.0042125
4.84765625 15.9995875
4.8515625 16.013615
4.85546875 15.9695675
4.859375 12.070415
4.86328125 12.057565
4.8671875 12.00581
4.87109375 12.0635375
4.875 12.0353175
4.87890625 12.0392275
4.8828125 12.04621
4.88671875 12.0005375
4.890625 12.0447675
4.89453125 12.03676
4.8984375 16.006775
4.90234375 16.019665
4.90625 12.105505
4.91015625 12.0666325
4.9140625 12.0445475
4.91796875 12.049295
4.921875 16.015315
4.92578125 16.024835
4.9296875 15.9468225
4.93359375 16.0074975
4.9375 15.996475
4.94140625 15.9815825
4.9453125 12.035215
4.94921875 12.06445875
4.953125 12.0679475
4.95703125 12.065145
4.9609375 12.0881825
4.96484375 16.0022675
4.96875 12.0865825
4.97265625 12.051005
4.9765625 12.0557725
4.98046875 12.064215
4.984375 12.0161425
4.98828125 12.0493075
4.9921875 12.104875
4.99609375 11.9884275
5.0 16.01627
5.00390625 16.0403475
5.0078125 12.0224075
5.01171875 12.08696
5.015625 12.0411275
5.01953125 12.06507
5.0234375 16.01131
5.02734375 16.0110225
5.03125 15.996815
5.03515625 12.0594525
5.0390625 12.044855
5.04296875 12.0667125
5.046875 12.05629
5.05078125 12.0631975
5.0546875 12.0035975
5.05859375 16.015605
5.0625 15.97881
5.06640625 15.993065
5.0703125 12.04882
5.07421875 12.03635
5.078125 12.0506925
5.08203125 12.0328975
5.0859375 12.04719
5.08984375 12.0410975
5.09375 12.066385
5.09765625 12.061025
5.1015625 16.0100575
5.10546875 12.0629075
5.109375 12.058925
5.11328125 12.0296
5.1171875 12.0804675
5.12109375 12.071225
5.125 12.0467175
5.12890625 11.9649125
5.1328125 12.0324
5.13671875 12.051695
5.140625 12.0865625
5.14453125 12.02828
5.1484375 15.9736575
5.15234375 15.994195
5.15625 16.0191625
5.16015625 16.014515
5.1640625 15.97139
5.16796875 15.999105
5.171875 12.05333
5.17578125 12.0727025
5.1796875 12.046055
5.18359375 12.0318175
5.1875 12.0499075
5.19140625 12.041845
5.1953125 12.3331825
5.19921875 16.0204
5.203125 12.089725
5.20703125 12.075205
5.2109375 12.0887575
5.21484375 12.019885
5.21875 12.0232375
5.22265625 12.0139175
5.2265625 12.056305
5.23046875 12.06539
5.234375 12.0146675
5.23828125 16.0347675
5.2421875 16.0203
5.24609375 16.014255
5.25 16.0014125
5.25390625 16.008805
5.2578125 15.979475
5.26171875 16.01507
5.265625 15.987205
5.26953125 16.0021625
5.2734375 15.98924
5.27734375 12.059745
5.28125 12.018795
5.28515625 12.0532725
5.2890625 12.0354925
5.29296875 12.04857
5.296875 16.004605
5.30078125 12.05273
5.3046875 12.040195
5.30859375 12.046565
5.3125 12.04217
5.31640625 12.055315
5.3203125 12.0767775
5.32421875 12.0348575
5.328125 16.03844
5.33203125 16.0068525
5.3359375 16.0135625
5.33984375 16.038605
5.34375 16.010315
5.34765625 16.003765
5.3515625 15.991355
5.35546875 15.988665
5.359375 15.987155
5.36328125 16.0155175
5.3671875 16.0041775
5.37109375 16.0084175
5.375 15.9704125
5.37890625 16.03195
5.3828125 12.07247
5.38671875 12.033795
5.390625 12.01397
5.39453125 12.01059
5.3984375 12.0435775
5.40234375 12.0275775
5.40625 12.0111425
5.41015625 12.04312
5.4140625 12.0475175
5.41796875 12.06709
5.421875 12.0537575
5.42578125 12.0624625
5.4296875 12.02973
5.43359375 12.0707325
5.4375 16.028135
5.44140625 15.956705
5.4453125 16.0119125
5.44921875 16.0363375
5.453125 16.0256175
5.45703125 15.9824525
5.4609375 15.968775
5.46484375 15.975585
5.46875 16.009865
5.47265625 15.997605
5.4765625 16.029485
5.48046875 16.0169825
5.484375 12.023235
5.48828125 12.0114425
5.4921875 12.014005
5.49609375 12.02113
5.5 12.0684175
5.50390625 12.05327
5.5078125 12.0426275
5.51171875 15.988985
5.515625 12.033675
5.51953125 12.06591
5.5234375 12.04927
5.52734375 12.0825825
5.53125 12.0687525
5.53515625 12.0516275
5.5390625 15.996045
5.54296875 16.0223125
5.546875 16.0181375
5.55078125 15.9949
5.5546875 16.007275
5.55859375 15.9781425
5.5625 15.99233
5.56640625 16.01984
5.5703125 12.056405
5.57421875 12.070685
5.578125 12.04604
5.58203125 12.03049
5.5859375 12.032305
5.58984375 12.0482
5.59375 12.05804
5.59765625 12.007705
5.6015625 12.01548
5.60546875 12.04028
5.609375 16.0041
5.61328125 15.96907
5.6171875 12.057775
5.62109375 12.03551625
5.625 12.0533275
5.62890625 12.02207
5.6328125 12.0725025
5.63671875 11.993765
5.640625 16.005495
5.64453125 16.0103725
5.6484375 16.0161425
5.65234375 16.00056
5.65625 16.0292675
5.66015625 12.0640575
5.6640625 12.084465
5.66796875 12.04085
5.671875 12.0627725
5.67578125 12.04421
5.6796875 12.04719
5.68359375 12.05597
5.6875 12.0498825
5.69140625 12.06813
5.6953125 12.04784
5.69921875 12.045305
5.703125 12.012645
5.70703125 12.006475
5.7109375 12.10112
5.71484375 16.014785
5.71875 12.0579625
5.72265625 12.0477925
5.7265625 12.09827
5.73046875 12.0637775
5.734375 12.07643
5.73828125 12.0444375
5.7421875 15.9968375
5.74609375 16.0109475
5.75 12.0616775
5.75390625 12.2973975
5.7578125 12.0523725
5.76171875 12.06025
5.765625 12.0698225
5.76953125 12.0499075
5.7734375 15.9695775
5.77734375 15.9717
5.78125 12.02533
5.78515625 12.02569
5.7890625 12.0416775
5.79296875 12.0016
5.796875 12.06344
5.80078125 12.0529975
5.8046875 12.1207375
5.80859375 12.03451
5.8125 12.09905
5.81640625 16.0205725
5.8203125 12.0459875
5.82421875 12.056495
5.828125 12.02288
5.83203125 12.024065
5.8359375 12.06177
5.83984375 12.065475
5.84375 12.043045
5.84765625 12.0404725
5.8515625 12.0216325
5.85546875 12.057145
5.859375 12.37266625
5.86328125 16.0098
5.8671875 16.0367
5.87109375 15.9978275
5.875 15.9987025
5.87890625 15.9686825
5.8828125 15.997495
5.88671875 15.9816775
5.890625 12.0382225
5.89453125 12.04804
5.8984375 12.0351575
5.90234375 12.05118
5.90625 12.05163
5.91015625 12.0332125
5.9140625 12.03059
5.91796875 16.0415125
5.921875 12.042485
5.92578125 12.0564675
5.9296875 12.036205
5.93359375 12.01488
5.9375 11.993265
5.94140625 12.0079825
5.9453125 16.00707
5.94921875 16.0038025
5.953125 16.00205
5.95703125 16.00098
5.9609375 16.0215425
5.96484375 15.992095
5.96875 15.96378
5.97265625 16.0233875
5.9765625 15.9812125
5.98046875 15.97447
5.984375 16.0171025
5.98828125 15.99107
5.9921875 12.02418
5.99609375 12.0795125
6.0 12.067935
6.00390625 11.9739025
6.0078125 12.0305075
6.01171875 12.0518775
6.015625 12.0660725
6.01953125 12.0603825
6.0234375 12.0881825
6.02734375 12.0579925
6.03125 12.0414375
6.03515625 12.0085375
6.0390625 12.020605
6.04296875 16.039235
6.046875 15.9972475
6.05078125 16.01383
6.0546875 16.0251925
6.05859375 16.0061975
6.0625 16.0358
6.06640625 15.9875425
6.0703125 16.0103075
6.07421875 16.00256
6.078125 16.00584
6.08203125 16.00254
6.0859375 16.0126725
6.08984375 15.987395
6.09375 12.0232075
6.09765625 12.066895
6.1015625 12.0846275
6.10546875 12.0361325
6.109375 12.0456725
6.11328125 12.0151825
6.1171875 12.0447025
6.12109375 12.04015
6.125 12.0597375
6.12890625 16.0053225
6.1328125 12.011525
6.13671875 12.0740675
6.140625 12.050855
6.14453125 12.094265
6.1484375 16.023565
6.15234375 16.0277825
6.15625 15.97649
6.16015625 15.9870725
6.1640625 16.0378375
6.16796875 15.996265
6.171875 16.02253
6.17578125 16.00185
6.1796875 16.0301125
6.18359375 16.0090675
6.1875 16.0116075
6.19140625 16.0028125
6.1953125 12.03017
6.19921875 12.01437
6.203125 12.0590875
6.20703125 12.0067375
6.2109375 12.0546525
6.21484375 12.07875
6.21875 12.0411925
6.22265625 12.02957
6.2265625 12.3664025
6.23046875 12.0356775
6.234375 12.05346
6.23828125 12.029705
6.2421875 12.027835
6.24609375 12.07006875
6.25 16.00074
6.25390625 16.023305
6.2578125 16.0207275
6.26171875 16.0090625
6.265625 15.9785675
6.26953125 15.999525
6.2734375 16.01301
6.27734375 16.009355
6.28125 12.0306375
6.28515625 12.0667725
6.2890625 12.033025
6.29296875 12.0651
6.296875 12.046085
6.30078125 12.0392075
6.3046875 12.08754
6.30859375 12.0140725
6.3125 12.03229
6.31640625 12.065745
6.3203125 12.3117375
6.32421875 16.0197225
6.328125 12.0471625
6.33203125 12.07201
6.3359375 12.047235
6.33984375 12.0727275
6.34375 12.046935
6.34765625 12.0289025
6.3515625 16.0368325
6.35546875 16.014515
6.359375 16.0171825
6.36328125 15.9718175
6.3671875 16.0160875
6.37109375 12.0874
6.375 12.00331
6.37890625 12.06439
6.3828125 12.0559825
6.38671875 12.0760375
6.390625 12.063115
6.39453125 16.0016325
6.3984375 12.0513475
6.40234375 11.999195
6.40625 12.08853
6.41015625 12.0295925
6.4140625 12.0576275
6.41796875 12.0734325
6.421875 15.995645
6.42578125 15.943015
6.4296875 12.0577225
6.43359375 12.09215
6.4375 12.037795
6.44140625 12.2045225
6.4453125 12.06704
6.44921875 12.069525
6.453125 16.02705
6.45703125 16.013865
6.4609375 12.082285
6.46484375 12.12192
6.46875 12.07155
6.47265625 12.06836
6.4765625 12.01361
6.48046875 12.055645
6.484375 16.00396
6.48828125 16.0135925
6.4921875 15.99844
6.49609375 16.0159375
6.5 12.00465
6.50390625 12.1162775
6.5078125 12.052985
6.51171875 12.0626425
6.515625 12.1265525
6.51953125 12.094635
6.5234375 12.033415
6.52734375 16.017405
6.53125 16.02815
6.53515625 12.0723825
6.5390625 12.06989
6.54296875 12.0400375
6.546875 12.024395
6.55078125 12.06279
6.5546875 12.051115
6.55859375 12.07301
6.5625 12.057565
6.56640625 12.048925
6.5703125 12.082915
6.57421875 15.9965175
6.578125 15.91627
6.58203125 15.9730625
6.5859375 15.993635
6.58984375 16.0162175
6.59375 16.0037825
6.59765625 16.009255
6.6015625 16.02131
6.60546875 12.038055
6.609375 12.0304675
6.61328125 12.012705
6.6171875 12.0667325
6.62109375 12.065805
6.625 12.0301275
6.62890625 15.9969775
6.6328125 15.93445
6.63671875 12.072225
6.640625 12.0602875
6.64453125 12.0744875
6.6484375 12.0411475
6.65234375 12.02862
6.65625 12.0136525
6.66015625 16.031535
6.6640625 16.0083575
6.66796875 12.1790925
6.671875 12.07803
6.67578125 15.9953075
6.6796875 16.003285
6.68359375 16.009245
6.6875 15.97901
6.69140625 16.00747
6.6953125 16.00958
6.69921875 15.978325
6.703125 12.0933075
6.70703125 12.036615
6.7109375 12.0314225
6.71484375 12.049475
6.71875 12.0459625
6.72265625 12.0589025
6.7265625 12.0582425
6.73046875 12.073825
6.734375 12.07955875
6.73828125 12.0514675
6.7421875 12.062405
6.74609375 12.0158825
6.75 12.0207175
6.75390625 12.0531725
6.7578125 12.0755175
6.76171875 12.08801
6.765625 16.018675
6.76953125 16.0006775
6.7734375 15.9997225
6.77734375 16.0053225
6.78125 16.01246
6.78515625 16.006205
6.7890625 15.9959275
6.79296875 16.0230575
6.796875 16.01541
6.80078125 16.0108925
6.8046875 12.049175
6.80859375 12.037445
6.8125 12.03312375
6.81640625 12.01068
6.8203125 12.0063375
6.82421875 12.0549425
6.828125 12.0389075
6.83203125 12.0572475
6.8359375 12.041555
6.83984375 12.0871575
6.84375 16.03179
6.84765625 12.0357375
6.8515625 12.06566
6.85546875 12.0332925
6.859375 12.06876
6.86328125 12.1007525
6.8671875 16.028445
6.87109375 16.00176
6.875 16.0031475
6.87890625 16.004035
6.8828125 16.0012325
6.88671875 16.04116
6.890625 15.970375
6.89453125 16.0052525
6.8984375 16.0036075
6.90234375 15.99861
6.90625 12.0816725
6.91015625 12.0267
6.9140625 12.0285225
6.91796875 12.030745
6.921875 12.025595
6.92578125 12.0383
6.9296875 12.01355
6.93359375 12.0706725
6.9375 12.05924
6.94140625 15.9929575
6.9453125 15.99956
6.94921875 12.08272
6.953125 11.999905
6.95703125 12.03676
6.9609375 12.061025
6.96484375 12.1073025
6.96875 16.0087425
6.97265625 16.0311925
6.9765625 16.0133075
6.98046875 16.02907
6.984375 16.0086425
6.98828125 16.026805
6.9921875 16.005995
6.99609375 12.04859
7.0 12.0248025
7.00390625 12.0601875
7.0078125 12.0392275
7.01171875 12.04114
7.015625 12.03464
7.01953125 12.0474
7.0234375 12.04549
7.02734375 12.118555
7.03125 12.06724
7.03515625 12.10299
7.0390625 12.07039
7.04296875 16.00093
7.046875 12.0442475
7.05078125 12.075025
7.0546875 12.0513175
7.05859375 12.07649
7.0625 12.053965
7.06640625 12.08458
7.0703125 16.01501
7.07421875 16.0058225
7.078125 15.99133
7.08203125 15.99645
7.0859375 16.0186925
7.08984375 12.054515
7.09375 12.081795
7.09765625 12.03266
7.1015625 12.0563875
7.10546875 12.0127825
7.109375 12.0368425
7.11328125 12.0113225
7.1171875 12.0593275
7.12109375 12.0945
7.125 12.02566
7.12890625 12.0717825
7.1328125 12.07317
7.13671875 12.041505
7.140625 12.0818825
7.14453125 15.9793975
7.1484375 15.9924025
7.15234375 12.0669975
7.15625 12.0453675
7.16015625 12.0090875
7.1640625 12.0481375
7.16796875 16.038155
7.171875 16.0110375
7.17578125 12.0625975
7.1796875 12.0708775
7.18359375 12.03996
7.1875 12.0442125
7.19140625 12.086985
7.1953125 16.0230375
7.19921875 11.99383
7.203125 12.063255
7.20703125 12.0051025
7.2109375 12.08141
7.21484375 12.04647
7.21875 12.0476525
7.22265625 16.0379975
7.2265625 11.9904025
7.23046875 12.04055
7.234375 12.07924
7.23828125 12.04674
7.2421875 12.0438575
7.24609375 16.0433375
7.25 16.0114525
7.25390625 12.03166
7.2578125 12.010365
7.26171875 12.02947
7.265625 12.04154
7.26953125 16.014105
7.2734375 12.051125
7.27734375 12.35268
7.28125 12.05038
7.28515625 16.0346275
7.2890625 16.009285
7.29296875 16.0112925
7.296875 16.024345
7.30078125 16.007275
7.3046875 15.96966
7.30859375 12.0760125
7.3125 12.0514425
7.31640625 12.06716
7.3203125 12.0716625
7.32421875 11.98644
7.328125 12.0468575
7.33203125 12.0521275
7.3359375 12.0497725
7.33984375 12.05416
7.34375 12.053335
7.34765625 12.0429725
7.3515625 12.0776075
7.35546875 12.0431075
7.359375 12.3165
7.36328125 12.0565325
7.3671875 12.064995
7.37109375 12.01392375
7.375 16.023665
7.37890625 16.00675
7.3828125 15.97481
7.38671875 15.9934475
7.390625 16.0157825
7.39453125 15.9808125
7.3984375 16.0187525
7.40234375 16.0115475
7.40625 15.9707375
7.41015625 12.1076275
7.4140625 12.0665475
7.41796875 12.0492375
7.421875 12.0095275
7.42578125 12.0399075
7.4296875 12.032025
7.43359375 12.08959
7.4375 12.0489925
7.44140625 12.028405
7.4453125 12.07027
7.44921875 12.059425
7.453125 12.0524875
7.45703125 12.045515
7.4609375 12.04826
7.46484375 12.02669
7.46875 16.0020925
7.47265625 15.996355
7.4765625 16.0179275
7.48046875 16.0066775
7.484375 15.991875
7.48828125 16.006755
7.4921875 16.01059
7.49609375 16.0107575
7.5 16.0131575
7.50390625 16.0089525
7.5078125 16.02608
7.51171875 12.0551825
7.515625 12.055545
7.51953125 12.0276975
7.5234375 12.0555625
7.52734375 12.04134
7.53125 12.036515
7.53515625 12.06183
7.5390625 12.0693775
7.54296875 12.0380225
7.546875 12.0203025
7.55078125 12.05346
7.5546875 12.0582175
7.55859375 12.0644075
7.5625 12.0505975
7.56640625 12.0406225
7.5703125 16.015045
7.57421875 15.96609
7.578125 15.9950275
7.58203125 16.0282075
7.5859375 15.9742175
7.58984375 15.98647
7.59375 16.0052075
7.59765625 16.0055375
7.6015625 15.9825425
7.60546875 16.0120025
7.609375 16.02315
7.61328125 12.0551475
7.6171875 12.032555
7.62109375 12.07094
7.625 12.0426425
7.62890625 12.042995
7.6328125 12.0700525
7.63671875 12.048555
7.640625 12.0429775
7.64453125 12.0450625
7.6484375 12.0502875
7.65234375 12.04237
7.65625 12.04987
7.66015625 12.04651
7.6640625 12.0306275
7.66796875 12.0306175
7.671875 15.98719
7.67578125 16.02737
7.6796875 12.0473875
7.68359375 12.0446875
7.6875 16.0149475
7.69140625 15.9954275
7.6953125 15.9852
7.69921875 12.0058825
7.703125 12.0592675
7.70703125 12.009855
7.7109375 12.0752625
7.71484375 12.0370975
7.71875 12.044305
7.72265625 12.05496
7.7265625 12.0849675
7.73046875 12.084295
7.734375 12.01497
7.73828125 12.0735775
7.7421875 16.0211575
7.74609375 16.025435
7.75 12.0605675
7.75390625 12.0331225
7.7578125 12.0520675
7.76171875 12.0999925
7.765625 12.0850175
7.76953125 12.0491475
7.7734375 15.9729475
7.77734375 16.0156325
7.78125 16.0293075
7.78515625 15.995405
7.7890625 16.0161075
7.79296875 12.0792175
7.796875 12.0456975
7.80078125 12.0699175
7.8046875 12.0425275
7.80859375 12.042565
7.8125 12.0303825
7.81640625 15.97498
7.8203125 12.036525
7.82421875 12.04528
7.828125 12.0744175
7.83203125 12.0844725
7.8359375 12.054505
7.83984375 12.0536625
7.84375 15.9853775
7.84765625 15.929035
7.8515625 12.052535
7.85546875 12.02817
7.859375 12.053055
7.86328125 12.0851275
7.8671875 12.02413
7.87109375 12.04681
7.875 16.0351025
7.87890625 12.04547
7.8828125 12.040795
7.88671875 12.0257275
7.890625 12.05314
7.89453125 12.0473025
7.8984375 12.059715
7.90234375 16.0087475
7.90625 16.023155
7.91015625 15.970385
7.9140625 16.0014325
7.91796875 16.05178
7.921875 12.018795
7.92578125 12.022995
7.9296875 12.04687
7.93359375 12.02509
7.9375 12.02369
7.94140625 12.14308625
7.9453125 16.00743
7.94921875 16.01541
7.953125 12.093355
7.95703125 12.0708
7.9609375 12.0292225
7.96484375 12.0510625
7.96875 12.0472125
7.97265625 12.0806075
7.9765625 12.057625
7.98046875 12.05439
7.984375 12.0339375
7.98828125 12.08131
7.9921875 15.957285
7.99609375 15.983925
8.0 15.9779725
8.00390625 16.0237475
8.0078125 16.016715
8.01171875 16.025775
8.015625 16.0148225
8.01953125 15.9787625
8.0234375 12.0302325
8.02734375 12.0343925
8.03125 12.0538875
8.03515625 12.0477125
8.0390625 12.0005525
8.04296875 12.0842225
8.046875 15.9838025
8.05078125 15.9979225
8.0546875 12.0251825
8.05859375 12.0420725
8.0625 12.03024
8.06640625 12.030025
8.0703125 12.027185
8.07421875 12.0164375
8.078125 12.0622425
8.08203125 12.059525
8.0859375 15.9637975
8.08984375 15.9961975
8.09375 15.9810225
8.09765625 16.00808
8.1015625 16.0076525
8.10546875 16.005275
8.109375 16.00453
8.11328125 16.000505
8.1171875 16.016295
8.12109375 12.0236475
8.125 12.0056275
8.12890625 12.014455
8.1328125 12.0471125
8.13671875 12.06074
8.140625 12.0345475
8.14453125 11.729515
8.1484375 12.053555
8.15234375 12.0503075
8.15625 12.0064025
8.16015625 12.066765
8.1640625 12.026375
8.16796875 12.050385
8.171875 12.0563375
8.17578125 12.0218475
8.1796875 12.0771925
8.18359375 12.0639825
8.1875 15.9934
8.19140625 15.9945875
8.1953125 16.0121425
8.19921875 16.02982
8.203125 16.017545
8.20703125 15.9958425
8.2109375 16.0142975
8.21484375 15.9905375
8.21875 15.9884325
8.22265625 12.045405
8.2265625 11.9964775
8.23046875 12.06741
8.234375 11.9872425
8.23828125 12.0413625
8.2421875 12.0013925
8.24609375 12.0418975
8.25 12.056155
8.25390625 12.0743975
8.2578125 15.996035
8.26171875 16.04277
8.265625 12.0422875
8.26953125 12.066125
8.2734375 12.05945
8.27734375 12.0282275
8.28125 12.017555
8.28515625 12.057105
8.2890625 16.035785
8.29296875 16.03149
8.296875 16.00109
8.30078125 16.015135
8.3046875 15.996525
8.30859375 15.99378
8.3125 16.004875
8.31640625 16.00941
8.3203125 16.01798
8.32421875 12.047565
8.328125 12.0645375
8.33203125 12.0479125
8.3359375 11.93522
8.33984375 11.9720125
8.34375 11.9755925
8.34765625 12.1053925
8.3515625 12.07701
8.35546875 12.0619325
8.359375 15.999155
8.36328125 15.973275
8.3671875 12.0494975
8.37109375 12.0431125
8.375 12.0445325
8.37890625 12.0752975
8.3828125 12.042335
8.38671875 16.0229275
8.390625 16.01904
8.39453125 16.0078275
8.3984375 16.017225
8.40234375 16.001415
8.40625 15.9803975
8.41015625 15.99558
8.4140625 16.0060275
8.41796875 12.0604675
8.421875 12.029795
8.42578125 12.0343425
8.4296875 12.0365725
8.43359375 12.053
8.4375 12.0177075
8.44140625 12.02439
8.4453125 12.0285975
8.44921875 12.0593575
8.453125 12.132555
8.45703125 12.05914
8.4609375 16.007745
8.46484375 16.0065225
8.46875 12.02393
8.47265625 12.066935
8.4765625 12.0638125
8.48046875 12.074035
8.484375 16.001945
8.48828125 16.008365
8.4921875 16.018165
8.49609375 16.0080225
8.5 12.095455
8.50390625 16.0284275
8.5078125 12.0814125
8.51171875 12.065035
8.515625 12.0643075
8.51953125 12.08092
8.5234375 12.0849625
8.52734375 12.3053075
8.53125 12.0471325
8.53515625 12.091925
8.5390625 12.0610125
8.54296875 12.0270525
8.546875 12.069255
8.55078125 12.0592775
8.5546875 12.1012725
8.55859375 12.07347
8.5625 16.0040875
8.56640625 16.0210375
8.5703125 12.04833
8.57421875 12.0484825
8.578125 12.0306625
8.58203125 12.0287375
8.5859375 16.0060775
8.58984375 12.0673425
8.59375 12.0715275
8.59765625 12.1349625
8.6015625 12.07932
8.60546875 12.0475975
8.609375 12.348495
8.61328125 15.974935
8.6171875 16.0154725
8.62109375 16.0197675
8.625 16.0190475
8.62890625 16.0037175
8.6328125 16.0295175
8.63671875 16.0075125
8.640625 12.0223775
8.64453125 12.0360125
8.6484375 12.055655
8.65234375 12.0336075
8.65625 12.05865
8.66015625 12.046805
8.6640625 12.3204775
8.66796875 12.0333575
8.671875 12.03427
8.67578125 12.0425925
8.6796875 12.0399825
8.68359375 12.051845
8.6875 12.037795
8.69140625 12.0327675
8.6953125 12.04392
8.69921875 12.0713925
8.703125 16.015015
8.70703125 16.0315525
8.7109375 15.9940225
8.71484375 16.01021
8.71875 15.975755
8.72265625 16.02346
8.7265625 16.0001725
8.73046875 16.01068
8.734375 15.969415
8.73828125 16.01386
8.7421875 12.0312675
8.74609375 12.04466
8.75 12.0520725
8.75390625 12.0147325
8.7578125 12.0338375
8.76171875 16.0340775
8.765625 16.00356
8.76953125 12.1199
8.7734375 12.0654975
8.77734375 12.02937
8.78125 12.033895
8.78515625 12.0434225
8.7890625 12.0479075
8.79296875 12.0431625
8.796875 16.006435
8.80078125 15.9987675
8.8046875 16.02387
8.80859375 16.0109675
8.8125 16.0266625
8.81640625 16.0152775
8.8203125 16.02775
8.82421875 15.98311
8.828125 16.00468
8.83203125 16.0134825
8.8359375 15.9925575
8.83984375 15.9969225
8.84375 12.0497475
8.84765625 12.0277575
8.8515625 12.048695
8.85546875 12.04836
8.859375 12.10449
8.86328125 12.0273775
8.8671875 12.0602725
8.87109375 12.0102875
8.875 12.031915
8.87890625 12.0428925
8.8828125 12.0387325
8.88671875 12.0243975
8.890625 12.0950975
8.89453125 12.050495
8.8984375 16.00423
8.90234375 15.9925925
8.90625 16.0026025
8.91015625 16.0210125
8.9140625 16.0079075
8.91796875 15.99025
8.921875 16.0241
8.92578125 16.01568
8.9296875 16.0108875
8.93359375 15.99321
8.9375 16.0116
8.94140625 15.98194
8.9453125 12.082745
8.94921875 12.0604025
8.953125 12.0115975
8.95703125 12.02285
8.9609375 12.0373475
8.96484375 12.0358575
8.96875 12.058865
8.97265625 15.9720025
8.9765625 12.01151
8.98046875 12.0446725
8.984375 12.0668125
8.98828125 12.0741675
8.9921875 12.0292375
8.99609375 12.061195
9.0 15.9766125
9.00390625 15.9861575
9.0078125 16.0380175
9.01171875 16.0024625
9.015625 15.9978175
9.01953125 16.00856
9.0234375 16.0104825
9.02734375 15.9965125
9.03125 15.9990375
9.03515625 15.9768625
9.0390625 12.03321
9.04296875 12.038935
9.046875 12.05315
9.05078125 12.05846
9.0546875 12.061345
9.05859375 12.044985
9.0625 12.0356975
9.06640625 12.0320575
9.0703125 16.022625
9.07421875 16.0107175
9.078125 12.04579
9.08203125 12.1052
9.0859375 12.01786
9.08984375 12.079355
9.09375 12.0537575
9.09765625 12.0955775
9.1015625 16.0069275
9.10546875 16.0307575
9.109375 16.009475
9.11328125 15.9946725
9.1171875 15.99239
9.12109375 15.971305
9.125 16.0264775
9.12890625 12.0831225
9.1328125 12.0448275
9.13671875 12.0563
9.140625 12.034305
9.14453125 12.0644975
9.1484375 12.0469675
9.15234375 12.05632
9.15625 12.01364
9.16015625 12.02155
9.1640625 12.0476825
9.16796875 12.045745
9.171875 15.9981825
9.17578125 15.9995975
9.1796875 12.01868
9.18359375 12.0463325
9.1875 12.0175675
9.19140625 12.0605525
9.1953125 11.993755
9.19921875 12.0252775
9.203125 15.974345
9.20703125 16.00099
9.2109375 16.003835
9.21484375 16.016595
9.21875 12.0379475
9.22265625 12.0573525
9.2265625 12.083235
9.23046875 12.078995
9.234375 12.061225
9.23828125 12.0647275
9.2421875 16.008005
9.24609375 12.062665
9.25 12.0807225
9.25390625 12.03201
9.2578125 12.02244
9.26171875 11.9900575
9.265625 12.07182
9.26953125 12.0088225
9.2734375 12.0672
9.27734375 15.7937525
9.28125 16.0287575
9.28515625 12.02812
9.2890625 12.004915
9.29296875 12.003735
9.296875 12.0460525
9.30078125 15.998315
9.3046875 16.0207975
9.30859375 16.0119575
9.3125 12.0474725
9.31640625 12.0682875
9.3203125 12.047295
9.32421875 12.0797475
9.328125 12.0508025
9.33203125 16.016355
9.3359375 16.022605
9.33984375 16.0124775
9.34375 16.031305
9.34765625 16.025125
9.3515625 12.02993
9.35546875 12.01147
9.359375 12.034535
9.36328125 12.0476825
9.3671875 12.02165
9.37109375 12.09848
9.375 12.0671475
9.37890625 16.0145625
9.3828125 15.990615
9.38671875 12.1000775
9.390625 12.040675
9.39453125 11.9450275
9.3984375 12.0278575
9.40234375 12.0676975
9.40625 12.082885
9.41015625 12.08326
9.4140625 12.072265
9.41796875 12.06415
9.421875 15.9799525
9.42578125 16.0111425
9.4296875 15.9285075
9.43359375 16.0094675
9.4375 16.01565
9.44140625 16.0053575
9.4453125 15.9844
9.44921875 16.018585
9.453125 12.0598625
9.45703125 12.088195
9.4609375 12.00982
9.46484375 12.0155125
9.46875 12.0235425
9.47265625 12.0091625
9.4765625 12.0476775
9.48046875 12.0506025
9.484375 12.069865
9.48828125 12.04489
9.4921875 12.09632
9.49609375 12.0563325
9.5 12.048685
9.50390625 12.034665
9.5078125 12.0329775
9.51171875 16.0324525
9.515625 15.99294
9.51953125 16.0088425
9.5234375 15.98813
9.52734375 15.9987775
9.53125 15.9726225
9.53515625 16.01136
9.5390625 15.9940425
9.54296875 16.0226725
9.546875 16.0044575
9.55078125 15.9724175
9.5546875 12.044135
9.55859375 12.05873
9.5625 12.0552125
9.56640625 12.0251575
9.5703125 12.0415125
9.57421875 12.041005
9.578125 12.0357225
9.58203125 12.0431725
9.5859375 12.0442175
9.58984375 12.0610575
9.59375 12.0760225
9.59765625 12.0673925
9.6015625 12.041845
9.60546875 12.05035
9.609375 16.0002325
9.61328125 16.0030775
9.6171875 15.98859
9.62109375 15.996005
9.625 16.0039175
9.62890625 16.025445
9.6328125 15.9965325
9.63671875 16.02449
9.640625 15.98423
9.64453125 15.99779
9.6484375 15.988705
9.65234375 16.011155
9.65625 12.01502
9.66015625 12.0299075
9.6640625 12.067735
9.66796875 12.0281625
9.671875 12.015405
9.67578125 12.1049725
9.6796875 12.0444475
9.68359375 12.08002
9.6875 12.055175
9.69140625 16.0045875
9.6953125 16.01117
9.69921875 12.0419425
9.703125 12.093705
9.70703125 12.0296975
9.7109375 16.0059525
9.71484375 16.035115
9.71875 15.999695
9.72265625 15.970905
9.7265625 16.00426
9.73046875 16.02219
9.734375 16.0204425
9.73828125 16.018475
9.7421875 16.0041275
9.74609375 15.9986525
9.75 16.0166625
9.75390625 15.995675
9.7578125 12.0946225
9.76171875 12.0115325
9.765625 12.066245
9.76953125 12.0229325
9.7734375 12.03363
9.77734375 12.1039375
9.78125 12.059955
9.78515625 12.0777925
9.7890625 12.2910575
9.79296875 12.061635
9.796875 12.05558
9.80078125 12.079085
9.8046875 12.0736925
9.80859375 12.0852525
9.8125 16.00727
9.81640625 16.039655
9.8203125 16.002305
9.82421875 16.0235625
9.828125 15.99655
9.83203125 16.0054225
9.8359375 15.99087
9.83984375 12.09467
9.84375 12.0481825
9.84765625 12.08389
9.8515625 12.08957
9.85546875 12.0772
9.859375 12.0560075
9.86328125 12.050115
9.8671875 12.0462875
9.87109375 12.0293475
9.875 12.038235
9.87890625 12.08869
9.8828125 12.28558
9.88671875 16.0302375
9.890625 16.008825
9.89453125 12.0660675
9.8984375 12.08429
9.90234375 12.0593475
9.90625 12.0283625
9.91015625 12.0682725
9.9140625 16.01729
9.91796875 16.03123
9.921875 16.019655
9.92578125 15.99003
9.9296875 16.0038675
9.93359375 12.0400775
9.9375 12.0644575
9.94140625 12.0471325
9.9453125 12.0353275
9.94921875 12.085495
9.953125 16.0113625
9.95703125 16.0119
9.9609375 16.0514025
9.96484375 16.002195
9.96875 16.0187175
9.97265625 12.02004
9.9765625 12.0561025
9.98046875 12.10328
9.984375 12.0530925
9.98828125 15.9845575
9.9921875 16.01441
9.99609375 12.0407125
10.0 12.075045
10.00390625 12.063115
10.0078125 12.066325
10.01171875 12.06017
10.015625 15.9886325
10.01953125 12.05524
10.0234375 12.040675
10.02734375 12.0305475
10.03125 12.0506
10.03515625 12.0402625
10.0390625 12.0579725
10.04296875 15.99957
10.046875 16.0026025
10.05078125 16.0189175
10.0546875 15.9978475
10.05859375 16.009555
10.0625 16.0006325
10.06640625 16.0196275
10.0703125 12.0555925
10.07421875 12.0639375
10.078125 12.036615
10.08203125 12.0952375
10.0859375 12.0269825
10.08984375 16.006445
10.09375 16.008965
10.09765625 16.0050075
10.1015625 16.007165
10.10546875 12.03001
10.109375 12.0288875
10.11328125 12.0461475
10.1171875 12.055165
10.12109375 12.0565275
10.125 12.0495425
10.12890625 16.01657
10.1328125 15.999365
10.13671875 15.987785
10.140625 16.0051
10.14453125 16.0096525
10.1484375 16.00451
10.15234375 16.0214875
10.15625 16.0188775
10.16015625 15.99272
10.1640625 16.026585
10.16796875 16.0202175
10.171875 12.0477725
10.17578125 12.0219325
10.1796875 12.057525
10.18359375 12.0686525
10.1875 12.04581
10.19140625 12.08915
10.1953125 12.111235
10.19921875 12.11471375
10.203125 12.035645
10.20703125 12.0141625
10.2109375 12.0546675
10.21484375 12.0233875
10.21875 12.029555
10.22265625 12.0451875
10.2265625 16.02049
10.23046875 16.0118125
10.234375 16.002285
10.23828125 16.0005875
10.2421875 16.01481
10.24609375 15.9475225
10.25 16.001325
10.25390625 16.0154525
10.2578125 16.0208575
10.26171875 16.0180375
10.265625 12.064845
10.26953125 12.09082
10.2734375 12.12610375
10.27734375 12.051525
10.28125 12.0251875
10.28515625 12.05152
10.2890625 12.0404325
10.29296875 12.035685
10.296875 12.0293525
10.30078125 12.049885
10.3046875 12.06374
10.30859375 12.04936
10.3125 12.0815975
10.31640625 12.03584
10.3203125 12.0009625
10.32421875 12.04397
10.328125 16.0206125
10.33203125 15.99179
10.3359375 16.0064425
10.33984375 16.01056
10.34375 16.011075
10.34765625 16.0184
10.3515625 15.9648525
10.35546875 15.994755
10.359375 15.97267
10.36328125 16.0028025
10.3671875 12.0608025
10.37109375 12.0561825
10.375 12.0544
10.37890625 12.04754
10.3828125 12.0429025
10.38671875 12.0450025
10.390625 12.040545
10.39453125 12.013105
10.3984375 12.02551
10.40234375 16.0101575
10.40625 16.0214675
10.41015625 11.99724
10.4140625 12.09239
10.41796875 12.06404
10.421875 12.0149725
10.42578125 12.0529675
10.4296875 16.0220675
10.43359375 16.001335
10.4375 16.0241925
10.44140625 15.966465
10.4453125 16.01645
10.44921875 15.9986175
10.453125 16.0379075
10.45703125 15.997935
10.4609375 16.01448
10.46484375 15.98107
10.46875 12.0677775
10.47265625 12.0084225
10.4765625 12.0183725
10.48046875 12.0477625
10.484375 12.054845
10.48828125 12.0463
10.4921875 12.0329825
10.49609375 12.04319
10.5 12.0884625
10.50390625 15.9867
10.5078125 16.00005
10.51171875 12.027805
10.515625 12.074765
10.51953125 12.0708125
10.5234375 12.0421075
10.52734375 12.0674025
10.53125 15.98303
10.53515625 16.03164
10.5390625 16.00491
10.54296875 15.9420825
10.546875 16.0264825
10.55078125 16.0039025
10.5546875 15.96779
10.55859375 12.0680125
10.5625 12.04247
10.56640625 12.03756125
10.5703125 12.03962
10.57421875 12.0724025
10.578125 12.078015
10.58203125 12.04911
10.5859375 12.0214725
10.58984375 12.05186
10.59375 12.0758175
10.59765625 12.044785
10.6015625 12.031235
10.60546875 16.00579
10.609375 16.031275
10.61328125 12.02923
10.6171875 12.0629725
10.62109375 12.03725
10.625 12.0552925
10.62890625 12.0207475
10.6328125 16.0307175
10.63671875 16.02387
10.640625 16.0222125
10.64453125 12.05673
10.6484375 12.043165
10.65234375 12.045025
10.65625 12.0451875
10.66015625 12.0497675
10.6640625 12.07491
10.66796875 12.139275
10.671875 16.0025375
10.67578125 15.97673
10.6796875 15.9700625
10.68359375 12.0265775
10.6875 12.02888
10.69140625 12.007865
10.6953125 12.0162825
10.69921875 12.02084
10.703125 12.0150675
10.70703125 16.03166
10.7109375 15.9792225
10.71484375 12.0724225
10.71875 12.06385
10.72265625 12.0486075
10.7265625 12.0192275
10.73046875 16.00157
10.734375 12.058905
10.73828125 12.049085
10.7421875 12.0492975
10.74609375 12.0391825
10.75 12.0252525
10.75390625 12.0485375
10.7578125 15.9831875
10.76171875 16.01857
10.765625 16.0225525
10.76953125 15.9980975
10.7734375 15.9977725
10.77734375 16.0030075
10.78125 12.037635
10.78515625 12.0602
10.7890625 12.0657125
10.79296875 12.0359175
10.796875 12.04189
10.80078125 12.016715
10.8046875 12.06394
10.80859375 12.041365
10.8125 12.0452875
10.81640625 16.000755
10.8203125 16.0206875
10.82421875 12.04872
10.828125 12.039065
10.83203125 12.05286
10.8359375 12.0429525
10.83984375 12.061155
10.84375 12.0990775
10.84765625 16.005845
10.8515625 16.01806
10.85546875 15.966905
10.859375 16.015095
10.86328125 16.011035
10.8671875 16.0118125
10.87109375 15.99937
10.875 16.0175675
10.87890625 16.0041125
10.8828125 12.061235
10.88671875 12.0352675
10.890625 12.0338425
10.89453125 12.044005
10.8984375 12.0554575
10.90234375 12.0953075
10.90625 12.0610025
10.91015625 12.0559525
10.9140625 12.3073725
10.91796875 12.0763275
10.921875 12.056845
10.92578125 12.0155575
10.9296875 12.0753125
10.93359375 12.048875
10.9375 15.9469275
10.94140625 16.0032325
10.9453125 16.0218275
10.94921875 16.028675
10.953125 16.00812
10.95703125 16.0267775
10.9609375 15.9903325
10.96484375 15.9868125
10.96875 16.021425
10.97265625 15.9872475
10.9765625 16.0276975
10.98046875 16.028285
10.984375 16.0085175
10.98828125 12.0206275
10.9921875 12.02471
10.99609375 12.0144225
11.0 12.0512575
11.00390625 12.0130525
11.0078125 12.0675325
11.01171875 12.0624625
11.015625 12.09638375
11.01953125 11.9961675
11.0234375 12.04603
11.02734375 12.0338925
11.03125 12.09325
11.03515625 12.05973
11.0390625 16.0233125
11.04296875 16.016165
11.046875 16.02387
11.05078125 16.0133875
11.0546875 16.012145
11.05859375 16.02287
11.0625 15.9952475
11.06640625 15.9805575
11.0703125 15.99136
11.07421875 15.99239
11.078125 15.9907225
11.08203125 16.013765
11.0859375 16.0241125
11.08984375 12.0331825
11.09375 12.0562475
11.09765625 12.0509775
11.1015625 12.0280125
11.10546875 12.0290625
11.109375 12.0399075
11.11328125 16.01126
11.1171875 16.00821
11.12109375 12.0680575
11.125 12.04838
11.12890625 12.0500475
11.1328125 12.10891
11.13671875 12.036045
11.140625 16.01996
11.14453125 16.0250525
11.1484375 15.9998475
11.15234375 16.0107075
11.15625 16.0027325
11.16015625 16.0182325
11.1640625 16.0130575
11.16796875 15.9078025
11.171875 16.0095975
11.17578125 16.0219025
11.1796875 12.06667
11.18359375 12.0849325
11.1875 12.066885
11.19140625 12.009275
11.1953125 12.05198
11.19921875 12.0876125
11.203125 12.0796025
11.20703125 12.05452
11.2109375 12.027895
11.21484375 15.97836
11.21875 16.003275
11.22265625 12.02447
11.2265625 12.023585
11.23046875 12.0576375
11.234375 12.0665875
11.23828125 11.976995
11.2421875 16.0071
11.24609375 16.016425
11.25 15.9873975
11.25390625 16.016795
11.2578125 16.007655
11.26171875 15.847165
11.265625 12.09953
11.26953125 12.0366925
11.2734375 12.0617275
11.27734375 12.0823925
11.28125 12.0782275
11.28515625 12.07977
11.2890625 12.107175
11.29296875 12.08015
11.296875 12.0321575
11.30078125 12.066685
11.3046875 12.0296725
11.30859375 12.0556875
11.3125 12.025785
11.31640625 15.9803275
11.3203125 15.9672425
11.32421875 12.07633
11.328125 12.01236
11.33203125 12.0645075
11.3359375 12.05185
11.33984375 12.0424775
11.34375 12.0512625
11.34765625 15.9971625
11.3515625 16.00867
11.35546875 12.082035
11.359375 12.1030925
11.36328125 12.0335475
11.3671875 12.04343
11.37109375 12.03269
11.375 12.052775
11.37890625 16.009265
11.3828125 16.0048825
11.38671875 16.0193975
11.390625 16.00826
11.39453125 12.048095
11.3984375 12.0447525
11.40234375 12.0316925
11.40625 12.0670825
11.41015625 12.0371075
11.4140625 12.03383
11.41796875 15.981415
11.421875 16.0139225
11.42578125 12.0443825
11.4296875 11.9674575
11.43359375 12.05231125
11.4375 12.0886825
11.44140625 12.03960125
11.4453125 12.043045
11.44921875 12.01724
11.453125 12.0374925
11.45703125 12.0252
11.4609375 12.0763
11.46484375 12.093665
11.46875 16.02348
11.47265625 16.025335
11.4765625 16.02488875
11.48046875 15.9759175
11.484375 16.01727
11.48828125 15.9955175
11.4921875 16.009495
11.49609375 12.06121
11.5 12.08632
11.50390625 12.0311325
11.5078125 12.0677675
11.51171875 12.03569
11.515625 12.018305
11.51953125 12.038105
11.5234375 12.0821
11.52734375 16.027195
11.53125 15.99928
11.53515625 12.05282375
11.5390625 12.01076375
11.54296875 12.06300875
11.546875 12.04328625
11.55078125 12.04129125
11.5546875 12.0204525
11.55859375 15.98882
11.5625 16.0058875
11.56640625 15.9983325
11.5703125 15.99576
11.57421875 16.02118
11.578125 16.013955
11.58203125 16.0355275
11.5859375 16.02445
11.58984375 16.0113675
11.59375 16.0195175
11.59765625 12.071825
11.6015625 12.063535
11.60546875 12.0260975
11.609375 12.02548
11.61328125 12.06138
11.6171875 12.0440825
11.62109375 12.023215
11.625 12.0103675
11.62890625 12.0422925
11.6328125 12.07894
11.63671875 12.0494625
11.640625 12.0377825
11.64453125 12.0266875
11.6484375 12.07476
11.65234375 12.0268625
11.65625 12.043545
11.66015625 15.9976375
11.6640625 16.02042
11.66796875 16.0012425
11.671875 16.01692
11.67578125 15.9897125
11.6796875 16.0102225
11.68359375 15.9863425
11.6875 15.9541525
11.69140625 15.999455
11.6953125 16.0072325
11.69921875 12.0379625
11.703125 12.0867375
11.70703125 11.9978825
11.7109375 12.050405
11.71484375 12.004645
11.71875 12.041745
11.72265625 12.02729
11.7265625 12.0536875
11.73046875 12.003245
11.734375 12.044305
11.73828125 11.9963225
11.7421875 12.063425
11.74609375 12.0284725
11.75 12.027505
11.75390625 12.112805
11.7578125 12.06827
11.76171875 15.9871575
11.765625 16.02276
11.76953125 15.9888075
11.7734375 15.968115
11.77734375 15.9873625
11.78125 16.0044325
11.78515625 15.9880525
11.7890625 16.0193925
11.79296875 16.0031625
11.796875 16.0057225
11.80078125 12.0748725
11.8046875 12.0380975
11.80859375 12.045035
11.8125 12.0465
11.81640625 11.9992325
11.8203125 12.0662725
11.82421875 12.005725
11.828125 12.049365
11.83203125 15.9950825
11.8359375 15.9913425
11.83984375 12.0606425
11.84375 12.0531475
11.84765625 12.0808875
11.8515625 12.0148625
11.85546875 16.0336175
11.859375 16.0023625
11.86328125 16.0315175
11.8671875 16.01532
11.87109375 16.0087775
11.875 16.0082575
11.87890625 16.0081775
11.8828125 15.97273
11.88671875 16.0442375
11.890625 16.02663
11.89453125 12.1163275
11.8984375 12.036675
11.90234375 12.062295
11.90625 12.0426675
11.91015625 12.0342825
11.9140625 12.0124075
11.91796875 12.0260175
11.921875 12.0342925
11.92578125 12.051685
11.9296875 12.0439575
11.93359375 12.0481475
11.9375 12.06809
11.94140625 12.0267875
11.9453125 12.016445
11.94921875 12.0588175
11.953125 12.043365
11.95703125 16.0290475
11.9609375 15.9883525
11.96484375 16.0210275
11.96875 16.0152525
11.97265625 16.0219425
11.9765625 16.0202025
11.98046875 16.0064225
11.984375 12.121205
11.98828125 12.0518125
11.9921875 12.042805
11.99609375 12.081155
12.0 12.037255
12.00390625 12.0747475
12.0078125 12.0762675
12.01171875 12.03305
12.015625 12.0453425
12.01953125 12.0312875
12.0234375 12.0415475
12.02734375 12.058715
12.03125 12.0462975
12.03515625 12.13111
12.0390625 16.013235
12.04296875 12.04964
12.046875 12.0570225
12.05078125 12.1103975
12.0546875 12.0504725
12.05859375 16.0157825
12.0625 16.01048
12.06640625 12.0773025
12.0703125 12.0124025
12.07421875 12.04628
12.078125 12.0559725
12.08203125 12.0319875
12.0859375 12.0419125
12.08984375 12.037305
12.09375 12.0639175
12.09765625 16.022935
12.1015625 15.998105
12.10546875 15.969935
12.109375 16.01396
12.11328125 12.0390725
12.1171875 12.0566125
12.12109375 12.0534575
12.125 12.043905
12.12890625 12.0484775
12.1328125 12.297105
12.13671875 16.00574
12.140625 16.0015625
12.14453125 12.0322575
12.1484375 12.047335
12.15234375 12.101155
12.15625 12.024425
12.16015625 12.05562
12.1640625 12.043
12.16796875 12.0970175
12.171875 12.08276
12.17578125 12.086195
12.1796875 12.098585
12.18359375 12.0810425
12.1875 15.98833
12.19140625 16.027875
12.1953125 16.0436825
12.19921875 16.0194625
12.203125 15.9891075
12.20703125 16.0263725
12.2109375 16.008855
12.21484375 12.0298925
12.21875 12.04711
12.22265625 12.0438225
12.2265625 12.050705
12.23046875 12.048095
12.234375 12.0302625
12.23828125 16.0193175
12.2421875 16.0310975
12.24609375 12.0059075
12.25 12.0444325
12.25390625 12.0602325
12.2578125 12.00607
12.26171875 11.97156
12.265625 12.027335
12.26953125 12.0395525
12.2734375 15.9934525
12.27734375 16.0240925
12.28125 16.0065375
12.28515625 15.9629225
12.2890625 16.021645
12.29296875 16.00085
12.296875 15.999735
12.30078125 15.9948025
12.3046875 15.9946675
12.30859375 16.013095
12.3125 15.9941475
12.31640625 11.9908625
12.3203125 12.1066975
12.32421875 12.025555
12.328125 12.0362575
12.33203125 12.0474425
12.3359375 12.060135
12.33984375 12.1149825
12.34375 12.034395
12.34765625 12.0720225
12.3515625 12.014095
12.35546875 12.0226775
12.359375 12.0495025
12.36328125 12.043005
12.3671875 12.0709575
12.37109375 16.022435
12.375 16.005145
12.37890625 15.9320625
12.3828125 16.015735
12.38671875 15.9972875
12.390625 15.946895
12.39453125 16.00693
12.3984375 16.0205575
12.40234375 15.990845
12.40625 15.9991125
12.41015625 16.0167325
12.4140625 16.01258
12.41796875 12.0499325
12.421875 12.0454175
12.42578125 12.048085
12.4296875 12.052865
12.43359375 12.0200675
12.4375 12.0654975
12.44140625 12.0286425
12.4453125 12.0599175
12.44921875 12.0462225
12.453125 12.047195
12.45703125 12.044825
12.4609375 12.0748425
12.46484375 12.0516475
12.46875 12.05143
12.47265625 15.9711875
12.4765625 15.98789
12.48046875 16.0185575
12.484375 16.02445
12.48828125 15.994275
12.4921875 15.9941025
12.49609375 15.9907225
12.5 16.0243
12.50390625 15.9782775
12.5078125 16.0161
12.51171875 15.9943325
12.515625 12.0329325
12.51953125 12.023415
12.5234375 12.033195
12.52734375 12.0467225
12.53125 12.0615275
12.53515625 12.0381725
12.5390625 12.03135
12.54296875 16.0226925
12.546875 15.994005
12.55078125 12.0508275
12.5546875 12.0783725
12.55859375 12.0685175
12.5625 12.0632175
12.56640625 12.0621
12.5703125 12.0179575
12.57421875 16.0152075
12.578125 16.0101
12.58203125 16.00043
12.5859375 16.0113375
12.58984375 16.028895
12.59375 16.0052725
12.59765625 15.986745
12.6015625 12.057375
12.60546875 12.0628725
12.609375 12.035935
12.61328125 12.0571675
12.6171875 12.0435425
12.62109375 12.1033375
12.625 12.02943
12.62890625 11.96974
12.6328125 12.0420925
12.63671875 12.0493575
12.640625 12.0353025
12.64453125 16.0126525
12.6484375 16.0130475
12.65234375 12.088695
12.65625 12.1001625
12.66015625 12.07993125
12.6640625 12.044635
12.66796875 12.09984
12.671875 12.016455
12.67578125 16.02038
12.6796875 15.9744025
12.68359375 16.0038225
12.6875 16.021105
12.69140625 16.0060225
12.6953125 12.1142475
12.69921875 12.041225
12.703125 12.07941
12.70703125 12.060505
12.7109375 12.0365125
12.71484375 12.0191175
12.71875 16.03041
12.72265625 12.065825
12.7265625 12.000515
12.73046875 12.029395
12.734375 11.997585
12.73828125 12.0428575
12.7421875 12.0548925
12.74609375 15.9683425
12.75 16.01158
12.75390625 12.0430175
12.7578125 12.01876
12.76171875 15.99481
12.765625 12.065855
12.76953125 12.06491
12.7734375 16.019085
12.77734375 15.976025
12.78125 12.0860575
12.78515625 12.0985325
12.7890625 12.066915
12.79296875 12.0421525
12.796875 12.06234
12.80078125 12.0759625
12.8046875 12.06744375
12.80859375 16.0471
12.8125 16.0099275
12.81640625 15.9987775
12.8203125 12.027575
12.82421875 12.0010875
12.828125 12.0677975
12.83203125 12.066145
12.8359375 12.016205
12.83984375 11.9946925
12.84375 12.0756425
12.84765625 12.0400075
12.8515625 12.06767
12.85546875 16.0218475
12.859375 16.0197925
12.86328125 15.9901925
12.8671875 12.0598975
12.87109375 12.10085
12.875 12.0308275
12.87890625 12.0463325
12.8828125 12.039375
12.88671875 12.050545
12.890625 12.0334725
12.89453125 12.06026
12.8984375 16.0087775
12.90234375 15.97488
12.90625 15.980595
12.91015625 16.0034675
12.9140625 15.99161
12.91796875 16.01187
12.921875 15.9957475
12.92578125 12.0417
12.9296875 12.03427
12.93359375 12.032665
12.9375 11.992965
12.94140625 12.0270725
12.9453125 12.0422675
12.94921875 12.052325
12.953125 12.06611
12.95703125 15.985375
12.9609375 16.00822
12.96484375 12.042595
12.96875 12.028825
12.97265625 12.0329775
12.9765625 12.036685
12.98046875 12.08179
12.984375 12.08315
12.98828125 16.0026525
12.9921875 16.0010825
12.99609375 15.9886275
13.0 16.0227825
13.00390625 16.01419
13.0078125 16.0019625
13.01171875 15.9898325
13.015625 15.9371775
13.01953125 16.0215725
13.0234375 16.00057
13.02734375 12.0497675
13.03125 12.063695
13.03515625 12.0397175
13.0390625 12.0113125
13.04296875 12.05194
13.046875 12.0400825
13.05078125 12.0834125
13.0546875 12.06572
13.05859375 12.063605
13.0625 12.017705
13.06640625 12.0692275
13.0703125 12.0520525
13.07421875 12.04397
13.078125 12.03051
13.08203125 16.0143725
13.0859375 15.9897425
13.08984375 16.0141525
13.09375 16.0236125
13.09765625 16.021785
13.1015625 15.99272
13.10546875 16.0225025
13.109375 16.004055
13.11328125 16.0208275
13.1171875 16.001715
13.12109375 15.99778
13.125 16.0078775
13.12890625 12.0501025
13.1328125 12.049695
13.13671875 12.030905
13.140625 12.0077675
13.14453125 12.0675525
13.1484375 12.05408
13.15234375 12.0255825
13.15625 12.0296025
13.16015625 12.048345
13.1640625 12.03667
13.16796875 12.054675
13.171875 12.073385
13.17578125 12.0832425
13.1796875 12.036655
13.18359375 15.9972625
13.1875 15.98911
13.19140625 16.02783
13.1953125 16.0089975
13.19921875 15.991905
13.203125 16.005735
13.20703125 15.97829625
13.2109375 15.98521
13.21484375 16.0129
13.21875 16.00134
13.22265625 16.0033625
13.2265625 12.0407825
13.23046875 12.0557575
13.234375 12.0674875
13.23828125 12.0158925
13.2421875 12.0147775
13.24609375 12.0276275
13.25 12.0449175
13.25390625 12.058245
13.2578125 12.2907375
13.26171875 12.0601575
13.265625 11.951455
13.26953125 12.056235
13.2734375 12.0517375
13.27734375 12.0193375
13.28125 12.07031
13.28515625 16.0012675
13.2890625 15.9835775
13.29296875 16.0155175
13.296875 16.0162625
13.30078125 16.01308
13.3046875 16.0149275
13.30859375 16.0054975
13.3125 15.96641
13.31640625 16.003295
13.3203125 12.06344
13.32421875 12.067865
13.328125 12.0636075
13.33203125 12.081345
13.3359375 12.046365
13.33984375 12.06904
13.34375 12.0140725
13.34765625 12.04829
13.3515625 12.14756875
13.35546875 12.03234
13.359375 16.015005
13.36328125 12.0249525
13.3671875 12.059665
13.37109375 12.029375
13.375 12.10464
13.37890625 12.105385
13.3828125 12.10612
13.38671875 15.995275
13.390625 15.9857875
13.39453125 16.036895
13.3984375 16.00564
13.40234375 16.0260525
13.40625 16.0143
13.41015625 12.06936
13.4140625 12.0794575
13.41796875 12.021295
13.421875 12.106575
13.42578125 12.0333225
13.4296875 12.0374125
13.43359375 16.01047
13.4375 12.0243575
13.44140625 12.0515775
13.4453125 12.0573275
13.44921875 12.05019
13.453125 12.0461475
13.45703125 12.0251775
13.4609375 16.02378
13.46484375 15.998775
13.46875 15.992665
13.47265625 12.05195
13.4765625 12.0817575
13.48046875 12.03868
13.484375 12.039425
13.48828125 12.0505075
13.4921875 12.0509
13.49609375 15.9723275
13.5 12.0315125
13.50390625 12.064735
13.5078125 12.0035175
13.51171875 12.0665325
13.515625 12.059105
13.51953125 12.064195
13.5234375 15.998205
13.52734375 16.0036775
13.53125 16.0146675
13.53515625 16.0096825
13.5390625 16.0083525
13.54296875 12.3059975
13.546875 12.0625575
13.55078125 12.06133
13.5546875 12.03008
13.55859375 12.0424225
13.5625 12.032085
13.56640625 16.00253
13.5703125 16.0163775
13.57421875 15.9691725
13.578125 12.03103
13.58203125 11.9960775
13.5859375 12.0408575
13.58984375 12.0354025
13.59375 12.0119325
13.59765625 12.0412475
13.6015625 12.0691325
13.60546875 12.0628575
13.609375 12.3494675
13.61328125 15.990745
13.6171875 15.997195
13.62109375 15.944695
13.625 16.005625
13.62890625 16.0294375
13.6328125 15.9923425
13.63671875 16.0040375
13.640625 12.0623775
13.64453125 12.11151
13.6484375 12.0532975
13.65234375 12.011425
13.65625 12.0323425
13.66015625 12.0463
13.6640625 12.06259
13.66796875 12.0365475
13.671875 16.003265
13.67578125 11.996745
13.6796875 12.050215
13.68359375 12.02355
13.6875 12.0286075
13.69140625 12.0246675
13.6953125 12.0587575
13.69921875 16.02295
13.703125 16.028055
13.70703125 15.9915125
13.7109375 16.0056475
13.71484375 15.939205
13.71875 16.01831
13.72265625 16.019575
13.7265625 16.0241475
13.73046875 15.9900575
13.734375 16.01582
13.73828125 12.04502
13.7421875 12.0177025
13.74609375 12.0505875
13.75 12.05099
13.75390625 12.06968
13.7578125 12.030775
13.76171875 12.1403075
13.765625 12.0919475
13.76953125 12.0824325
13.7734375 12.059885
13.77734375 12.019335
13.78125 12.0661625
13.78515625 12.07027
13.7890625 12.05271
13.79296875 12.0088675
13.796875 12.047965
13.80078125 16.010025
13.8046875 16.017205
13.80859375 16.0089175
13.8125 16.0299575
13.81640625 15.9948425
13.8203125 16.00883
13.82421875 16.0122875
13.828125 16.0015725
13.83203125 15.9876625
13.8359375 15.9896875
13.83984375 12.07108
13.84375 12.06769
13.84765625 12.0104325
13.8515625 12.0367125
13.85546875 12.0443225
13.859375 12.023065
13.86328125 12.0361625
13.8671875 12.020335
13.87109375 12.0397875
13.875 12.05568
13.87890625 12.0165275
13.8828125 12.077565
13.88671875 11.997285
13.890625 12.0623825
13.89453125 12.046205
13.8984375 12.078685
13.90234375 15.9948025
13.90625 15.9652225
13.91015625 16.0007175
13.9140625 16.023495
13.91796875 15.98694
13.921875 16.0020925
13.92578125 15.97212
13.9296875 16.03503
13.93359375 15.98485
13.9375 15.997565
13.94140625 12.030275
13.9453125 12.0345775
13.94921875 12.01306
13.953125 12.04648
13.95703125 12.0042575
13.9609375 12.02719
13.96484375 11.9915175
13.96875 12.0461425
13.97265625 15.9823425
13.9765625 16.0002675
13.98046875 12.0465125
13.984375 12.0442
13.98828125 12.071785
13.9921875 12.0393575
13.99609375 12.1155925
14.0 12.0249375
14.00390625 15.944195
14.0078125 16.0280475
14.01171875 16.039735
14.015625 15.989875
14.01953125 15.9938025
14.0234375 16.0235425
14.02734375 15.9898175
14.03125 15.9889075
14.03515625 12.0435925
14.0390625 12.064375
14.04296875 12.063035
14.046875 12.0297025
14.05078125 12.0206425
14.0546875 12.03813
14.05859375 12.0586925
14.0625 12.061685
14.06640625 12.04716
14.0703125 12.00587
14.07421875 12.057265
14.078125 16.0371075
14.08203125 12.0930675
14.0859375 12.0638025
14.08984375 12.0725275
14.09375 12.0200425
14.09765625 12.0372775
14.1015625 12.0495925
14.10546875 15.99864
14.109375 16.0437975
14.11328125 15.9856425
14.1171875 15.98238
14.12109375 16.0008775
14.125 12.07754
14.12890625 12.023395
14.1328125 12.0594475
14.13671875 12.069855
14.140625 12.0529475
14.14453125 15.980985
14.1484375 16.0320825
14.15234375 12.069225
14.15625 12.035385
14.16015625 12.03274
14.1640625 12.029465
14.16796875 12.0530525
14.171875 12.0257825
14.17578125 12.0614175
14.1796875 12.05742
14.18359375 15.9836225
14.1875 15.9804825
14.19140625 12.04518
14.1953125 12.0851475
14.19921875 12.048045
14.203125 12.02801
14.20703125 16.026455
14.2109375 15.976705
14.21484375 12.076715
14.21875 12.1027225
14.22265625 12.0813725
14.2265625 12.0408975
14.23046875 12.04445
14.234375 15.9810975
14.23828125 16.02928
14.2421875 16.0039075
14.24609375 16.007925
14.25 16.0366425
14.25390625 12.0646125
14.2578125 12.08413
14.26171875 12.0384825
14.265625 11.9897625
14.26953125 12.049225
14.2734375 12.039525
14.27734375 12.0493925
14.28125 12.01139
14.28515625 12.058765
14.2890625 16.0087125
14.29296875 12.027595
14.296875 12.070685
14.30078125 12.04694
14.3046875 12.08488
14.30859375 12.05849
14.3125 12.056885
14.31640625 12.0603625
14.3203125 12.0794025
14.32421875 15.99608
14.328125 16.0114175
14.33203125 15.981155
14.3359375 16.009935
14.33984375 16.0221325
14.34375 16.0400425
14.34765625 15.96763
14.3515625 15.9962125
14.35546875 12.0154375
14.359375 12.0724725
14.36328125 16.00687
14.3671875 12.0567725
14.37109375 12.047225
14.375 12.0552075
14.37890625 12.0432925
14.3828125 12.2847225
14.38671875 16.04247
14.390625 12.0652225
14.39453125 12.0575425
14.3984375 12.0179275
14.40234375 12.0634325
14.40625 12.02268
14.41015625 12.0896575
14.4140625 16.0203575
14.41796875 16.0242875
14.421875 15.97905
14.42578125 16.00376
14.4296875 15.98789
14.43359375 15.9995375
14.4375 16.004795
14.44140625 16.020045
14.4453125 15.9787275
14.44921875 15.983555
14.453125 15.9976625
14.45703125 12.0303975
14.4609375 12.0701575
14.46484375 12.05944
14.46875 12.03104
14.47265625 12.0546125
14.4765625 12.29872
14.48046875 12.0478
14.484375 12.0418475
14.48828125 12.0557325
14.4921875 12.0043725
14.49609375 12.0206575
14.5 12.03771
14.50390625 12.049225
14.5078125 12.0393775
14.51171875 16.0119775
14.515625 15.977865
14.51953125 16.0072675
14.5234375 15.9940275
14.52734375 16.0018175
14.53125 16.012235
14.53515625 16.0028675
14.5390625 16.0132925
14.54296875 15.9940725
14.546875 15.9905775
14.55078125 16.0041675
14.5546875 15.97123
14.55859375 12.025645
14.5625 12.015165
14.56640625 11.9992675
14.5703125 12.0636525
14.57421875 12.01859
14.578125 12.0461375
14.58203125 12.0444175
14.5859375 12.0203525
14.58984375 12.027085
14.59375 12.09234
14.59765625 12.13130875
14.6015625 12.0517525
14.60546875 12.0343225
14.609375 12.0806375
14.61328125 16.0053475
14.6171875 16.0136775
14.62109375 15.977
14.625 15.98375
14.62890625 15.993305
14.6328125 16.01192125
14.63671875 16.0168775
14.640625 15.984405
14.64453125 15.990135
14.6484375 15.971345
14.65234375 15.998355
14.65625 12.0789575
14.66015625 12.0956025
14.6640625 12.0170375
14.66796875 12.03521125
14.671875 12.035105
14.67578125 12.02752875
14.6796875 12.0356925
14.68359375 12.03967375
14.6875 16.00908875
14.69140625 12.0265
14.6953125 12.0795675
14.69921875 12.0602175
14.703125 12.04579
14.70703125 12.0628825
14.7109375 12.043235
14.71484375 16.0039475
14.71875 16.023355
14.72265625 16.0110475
14.7265625 16.0019525
14.73046875 16.001155
14.734375 16.02299
14.73828125 15.9886925
14.7421875 15.9602125
14.74609375 12.04807
14.75 12.078905
14.75390625 12.0531575
14.7578125 12.04257
14.76171875 12.053175
14.765625 12.027905
14.76953125 12.0109125
14.7734375 12.02205
14.77734375 12.0479275
14.78125 12.0143675
14.78515625 12.0410725
14.7890625 15.9903525
14.79296875 15.9967875
14.796875 12.0185925
14.80078125 12.0607125
14.8046875 12.0883575
14.80859375 12.025545
14.8125 12.0587925
14.81640625 15.9526475
14.8203125 12.081155
14.82421875 16.00531
14.828125 15.98726
14.83203125 15.99689
14.8359375 12.084945
14.83984375 12.092185
14.84375 12.0465025
14.84765625 12.050085
14.8515625 12.0592725
14.85546875 12.064405
14.859375 15.9748025
14.86328125 16.0232925
14.8671875 16.0081725
14.87109375 12.04867
14.875 12.051965
14.87890625 12.06031
14.8828125 11.9715575
14.88671875 12.0352425
14.890625 12.097045
14.89453125 15.9937075
14.8984375 16.0055425
14.90234375 15.99592
14.90625 16.0115525
14.91015625 12.035075
14.9140625 12.03335
14.91796875 12.0158775
14.921875 12.02337
14.92578125 16.0044275
14.9296875 12.0495225
14.93359375 12.0428075
14.9375 12.039695
14.94140625 12.0605625
14.9453125 12.086995
14.94921875 15.9726375
14.953125 15.9918825
14.95703125 16.0065475
14.9609375 15.98426
14.96484375 15.9942975
14.96875 12.0462975
14.97265625 11.999475
14.9765625 12.0552
14.98046875 11.9876325
14.984375 12.04199
14.98828125 11.9951525
14.9921875 12.0535475
14.99609375 12.0427175
15.0 16.01143
15.00390625 15.9839125
15.0078125 15.9784925
15.01171875 12.06326
15.015625 12.06732
15.01953125 11.9807075
15.0234375 12.0379825
15.02734375 12.0500325
15.03125 12.02989
15.03515625 12.063485
15.0390625 16.005925
15.04296875 15.965105
15.046875 15.9990675
15.05078125 16.000535
15.0546875 15.9862575
15.05859375 16.0175475
15.0625 15.9893725
15.06640625 15.9649775
15.0703125 12.017425
15.07421875 12.0720575
15.078125 12.0352675
15.08203125 12.025045
15.0859375 11.99739
15.08984375 11.9866
15.09375 12.0472075
15.09765625 12.0797775
15.1015625 16.0170125
15.10546875 12.022065
15.109375 12.0531325
15.11328125 12.0335525
15.1171875 12.023295
15.12109375 12.0547225
15.125 12.039435
15.12890625 15.9799225
15.1328125 15.992595
15.13671875 15.969805
15.140625 15.9995325
15.14453125 15.9996025
15.1484375 15.9712175
15.15234375 15.98694
15.15625 15.99543
15.16015625 15.9835775
15.1640625 15.9585225
15.16796875 15.959615
15.171875 12.0055875
15.17578125 12.0516
15.1796875 12.0242825
15.18359375 12.03933
15.1875 12.0198825
15.19140625 12.0581975
15.1953125 12.0251225
15.19921875 12.0342275
15.203125 12.0456825
15.20703125 12.02211
15.2109375 11.97647
15.21484375 12.0050875
15.21875 12.065825
15.22265625 12.010895
15.2265625 12.0391625
15.23046875 16.011465
15.234375 15.9800425
15.23828125 15.989435
15.2421875 16.018615
15.24609375 16.01521
15.25 16.0049225
15.25390625 15.983835
15.2578125 15.9768975
15.26171875 15.97662
15.265625 15.9823
15.26953125 15.9563475
15.2734375 12.0669175
15.27734375 12.0372
15.28125 12.0919275
15.28515625 11.98741
15.2890625 12.092685
15.29296875 12.035185
15.296875 12.0598725
15.30078125 12.0616075
15.3046875 12.081525
15.30859375 12.01416
15.3125 12.04364
15.31640625 12.0258525
15.3203125 12.0618175
15.32421875 12.014235
15.328125 12.0770075
15.33203125 16.012105
15.3359375 15.9582525
15.33984375 16.009465
15.34375 15.9707475
15.34765625 16.00699
15.3515625 16.0236825
15.35546875 15.9809
15.359375 16.006115
15.36328125 15.98389
15.3671875 15.9839775
15.37109375 15.9500125
15.375 12.0690175
15.37890625 12.07115
15.3828125 12.0085475
15.38671875 11.999665
15.390625 12.02875
15.39453125 12.0369225
15.3984375 12.0260125
15.40234375 15.9916525
15.40625 16.0121425
15.41015625 11.979005
15.4140625 12.070855
15.41796875 12.05607
15.421875 12.0703925
15.42578125 11.99718
15.4296875 12.08875
15.43359375 15.957405
15.4375 15.97686
15.44140625 16.0099
15.4453125 15.97591
15.44921875 12.061165
15.453125 12.0515775
15.45703125 15.9899675
15.4609375 15.9541425
15.46484375 12.0604675
15.46875 12.062195
15.47265625 12.0732925
15.4765625 12.0433
15.48046875 12.120515
15.484375 12.036055
15.48828125 12.0182475
15.4921875 12.0165675
15.49609375 12.002075
15.5 12.057055
15.50390625 15.981145
15.5078125 15.957605
15.51171875 15.987765
15.515625 16.0164575
15.51953125 12.0149775
15.5234375 12.0137375
15.52734375 12.0296825
15.53125 12.032445
15.53515625 12.0493675
15.5390625 12.025175
15.54296875 15.9796875
15.546875 15.9876325
15.55078125 16.0178375
15.5546875 15.9881425
15.55859375 12.13097
15.5625 12.00557
15.56640625 12.0873975
15.5703125 12.0897675
15.57421875 15.9719225
15.578125 15.9848125
15.58203125 12.0524375
15.5859375 12.036175
15.58984375 12.04953
15.59375 12.020965
15.59765625 12.0529875
15.6015625 11.988085
15.60546875 12.03137
15.609375 12.0382425
15.61328125 15.9932225
15.6171875 16.000355
15.62109375 12.0363625
15.625 12.0647725
