0.00390625 16.00003
0.0078125 16.0056975
0.01171875 15.90554375
0.015625 15.9621225
0.01953125 15.950725
0.0234375 15.931365
0.02734375 15.9779025
0.03125 15.89651375
0.03515625 15.920585
0.0390625 15.9555675
0.04296875 15.99859
0.046875 15.89403375
0.05078125 15.9524075
0.0546875 15.9876625
0.05859375 15.9534225
0.0625 15.9742
0.06640625 15.9844575
0.0703125 15.9785675
0.07421875 15.9697475
0.078125 15.91979
0.08203125 15.9210525
0.0859375 15.9170275
0.08984375 15.8269625
0.09375 15.8893075
0.09765625 15.85364
0.1015625 15.78960375
0.10546875 15.8906425
0.109375 15.9697875
0.11328125 15.8253
0.1171875 15.9227
0.12109375 15.885395
0.125 15.92445
0.12890625 15.98826
0.1328125 15.9774775
0.13671875 15.988785
0.140625 15.931195
0.14453125 15.88104
0.1484375 15.903185
0.15234375 16.0059075
0.15625 15.969395
0.16015625 15.950325
0.1640625 15.9914675
0.16796875 15.9417525
0.171875 15.9478425
0.17578125 15.9906525
0.1796875 15.913405
0.18359375 15.80721125
0.1875 15.95429
0.19140625 16.013555
0.1953125 16.0149875
0.19921875 15.8919125
0.203125 15.9870225
0.20703125 15.9629975
0.2109375 15.8392675
0.21484375 15.9900125
0.21875 15.90673
0.22265625 15.9731
0.2265625 15.962195
0.23046875 16.0863525
0.234375 15.9454975
0.23828125 15.9190275
0.2421875 15.9252675
0.24609375 15.76342
0.25 15.9045075
0.25390625 15.94720125
0.2578125 15.925245
0.26171875 15.95261
0.265625 15.8908875
0.26953125 15.92733
0.2734375 15.9325075
0.27734375 15.92154
0.28125 15.9566375
0.28515625 15.9770175
0.2890625 15.9555375
0.29296875 16.0010675
0.296875 16.01746
0.30078125 16.03303
0.3046875 15.9013575
0.30859375 15.96068875
0.3125 15.95357
0.31640625 15.98018
0.3203125 15.9359425
0.32421875 15.98031
0.328125 16.0535575
0.33203125 16.0010975
0.3359375 15.97707
0.33984375 15.8595425
0.34375 15.902675
0.34765625 15.986805
0.3515625 15.917925
0.35546875 15.948535
0.359375 15.8636325
0.36328125 15.9497675
0.3671875 15.98128
0.37109375 15.94915
0.375 15.920595
0.37890625 16.03269
0.3828125 15.962195
0.38671875 15.9429975
0.390625 15.860815
0.39453125 15.9741675
0.3984375 15.969865
0.40234375 15.956375
0.40625 15.992235
0.41015625 15.9400575
0.4140625 15.9149225
0.41796875 15.9890775
0.421875 15.9112875
0.42578125 16.0011025
0.4296875 15.973775
0.43359375 15.96358625
0.4375 15.9295925
0.44140625 15.9723375
0.4453125 15.9077675
0.44921875 15.6970825
0.453125 15.996535
0.45703125 15.9537125
0.4609375 15.76261
0.46484375 16.0038425
0.46875 15.9759475
0.47265625 15.9256525
0.4765625 15.9412325
0.48046875 15.91131
0.484375 15.9805875
0.48828125 15.9713125
0.4921875 16.0331475
0.49609375 15.928845
0.5 15.394955
0.50390625 15.9944925
0.5078125 15.9055675
0.51171875 16.0265675
0.515625 15.86068
0.51953125 15.9364325
0.5234375 15.89469
0.52734375 15.9175475
0.53125 15.941055
0.53515625 15.9342675
0.5390625 15.9723275
0.54296875 15.9823125
0.546875 15.9869325
0.55078125 15.9341475
0.5546875 15.97711875
0.55859375 15.9333875
0.5625 15.9369425
0.56640625 15.9159325
0.5703125 16.0096
0.57421875 16.027175
0.578125 15.9636975
0.58203125 15.9689325
0.5859375 16.012815
0.58984375 15.9753075
0.59375 16.013665
0.59765625 16.0635225
0.6015625 16.0098475
0.60546875 15.9489375
0.609375 15.920215
0.61328125 16.06585
0.6171875 15.9710175
0.62109375 15.9401525
0.625 15.981825
0.62890625 15.9992675
0.6328125 15.919245
0.63671875 15.9125425
0.640625 15.96905
0.64453125 15.89633125
0.6484375 15.9426775
0.65234375 15.934195
0.65625 15.927415
0.66015625 15.96152
0.6640625 15.9589275
0.66796875 15.9154125
0.671875 15.958755
0.67578125 15.9937875
0.6796875 15.9955125
0.68359375 15.9920075
0.6875 15.92285375
0.69140625 15.97734
0.6953125 16.00934
0.69921875 16.0070375
0.703125 15.8936725
0.70703125 15.9128125
0.7109375 15.9980525
0.71484375 15.9396325
0.71875 16.045445
0.72265625 16.01314
0.7265625 15.918995
0.73046875 15.921495
0.734375 15.9392975
0.73828125 15.979025
0.7421875 15.9633925
0.74609375 15.9575175
0.75 15.91206
0.75390625 16.0021425
0.7578125 15.96131
0.76171875 16.0246675
0.765625 15.941455
0.76953125 15.96507
0.7734375 15.96791
0.77734375 15.9684425
0.78125 15.913965
0.78515625 16.00001
0.7890625 15.9830775
0.79296875 16.0111625
0.796875 15.908355
0.80078125 15.92197
0.8046875 15.9964175
0.80859375 15.9044125
0.8125 15.9991125
0.81640625 15.96712875
0.8203125 16.0029575
0.82421875 15.9813475
0.828125 16.0153775
0.83203125 15.9877825
0.8359375 15.9222075
0.83984375 15.888325
0.84375 15.92785
0.84765625 16.0221975
0.8515625 15.9361475
0.85546875 15.9554525
0.859375 15.9924275
0.86328125 15.91396875
0.8671875 15.92027625
0.87109375 15.9669325
0.875 15.92197
0.87890625 16.0230075
0.8828125 15.89924
0.88671875 15.8897875
0.890625 15.93441
0.89453125 15.946895
0.8984375 15.9744375
0.90234375 15.96398
0.90625 15.9616825
0.91015625 16.0216675
0.9140625 15.98873
0.91796875 15.924325
0.921875 15.952365
0.92578125 15.894555
0.9296875 16.0033575
0.93359375 15.9520575
0.9375 15.9383375
0.94140625 16.0255925
0.9453125 15.9336075
0.94921875 15.9896425
0.953125 15.965555
0.95703125 15.98864
0.9609375 15.970925
0.96484375 16.00958875
0.96875 15.9816
0.97265625 15.980515
0.9765625 16.0117875
0.98046875 16.01723
0.984375 15.961055
0.98828125 15.9304125
0.9921875 16.011965
0.99609375 15.9777525
1.0 15.9487
1.00390625 15.9630775
1.0078125 15.9876225
1.01171875 15.9356225
1.015625 15.9717325
1.01953125 16.0339275
1.0234375 15.9832375
1.02734375 16.0157875
1.03125 15.96889
1.03515625 15.972575
1.0390625 16.0037725
1.04296875 15.989525
1.046875 16.0234225
1.05078125 15.9621575
1.0546875 15.968895
1.05859375 15.912305
1.0625 15.9595275
1.06640625 15.9814275
1.0703125 15.97074
1.07421875 15.9467225
1.078125 15.9432725
1.08203125 15.9533575
1.0859375 15.8777525
1.08984375 16.001675
1.09375 15.97078
1.09765625 15.988135
1.1015625 15.988385
1.10546875 15.9003825
1.109375 16.00758
1.11328125 16.00349
1.1171875 15.979625
1.12109375 15.9573
1.125 15.9628325
1.12890625 15.94874
1.1328125 15.98839375
1.13671875 16.005005
1.140625 15.98315
1.14453125 15.9918325
1.1484375 16.0083375
1.15234375 15.956555
1.15625 16.012205
1.16015625 15.9629175
1.1640625 15.9192575
1.16796875 15.987395
1.171875 15.9464125
1.17578125 15.95578
1.1796875 16.018155
1.18359375 15.981835
1.1875 15.9962625
1.19140625 15.9675225
1.1953125 15.95152
1.19921875 15.85731125
1.203125 15.9710875
1.20703125 15.9344925
1.2109375 15.9533025
1.21484375 15.9968975
1.21875 15.9633625
1.22265625 15.926145
1.2265625 15.9414925
1.23046875 16.0033525
1.234375 15.9832125
1.23828125 15.901435
1.2421875 16.0011075
1.24609375 15.89606375
1.25 15.9768825
1.25390625 15.9784
1.2578125 15.975895
1.26171875 16.03447
1.265625 15.9320475
1.26953125 15.945285
1.2734375 15.9439975
1.27734375 15.9606475
1.28125 15.966155
1.28515625 15.9050675
1.2890625 16.04076
1.29296875 15.9629325
1.296875 15.9716775
1.30078125 15.9805425
1.3046875 15.9636125
1.30859375 15.8720475
1.3125 15.9932775
1.31640625 15.9334925
1.3203125 15.8700875
1.32421875 15.89855
1.328125 15.9765875
1.33203125 15.9683225
1.3359375 15.9500775
1.33984375 16.0072
1.34375 15.9737025
1.34765625 16.00194
1.3515625 15.95955
1.35546875 16.025005
1.359375 15.94025
1.36328125 15.99545
1.3671875 16.0234875
1.37109375 15.837215
1.375 15.959745
1.37890625 15.93822
1.3828125 15.90082
1.38671875 15.9569625
1.390625 15.9654625
1.39453125 15.94491
1.3984375 15.9746825
1.40234375 15.932815
1.40625 15.9739625
1.41015625 15.9738025
1.4140625 15.971385
1.41796875 16.0025925
1.421875 15.9262975
1.42578125 15.97492
1.4296875 15.9178025
1.43359375 15.958375
1.4375 15.973255
1.44140625 16.0047225
1.4453125 16.0053625
1.44921875 16.0241475
1.453125 15.9858525
1.45703125 16.01374
1.4609375 15.9131375
1.46484375 15.9731975
1.46875 15.982645
1.47265625 15.9579075
1.4765625 15.9739625
1.48046875 16.00792
1.484375 15.9306875
1.48828125 16.0536
1.4921875 15.970845
1.49609375 15.9309075
1.5 15.94336
1.50390625 15.9861125
1.5078125 15.960915
1.51171875 15.931635
1.515625 15.974005
1.51953125 15.9351175
1.5234375 15.9833775
1.52734375 15.877215
1.53125 15.94507
1.53515625 15.98692
1.5390625 15.9966225
1.54296875 15.98255
1.546875 15.95792
1.55078125 15.90192
1.5546875 15.819585
1.55859375 15.9707175
1.5625 16.0032375
1.56640625 16.01414
1.5703125 16.029005
1.57421875 15.95029
1.578125 15.9822525
1.58203125 15.8801125
1.5859375 15.9224275
1.58984375 15.9798025
1.59375 15.9799475
1.59765625 15.945885
1.6015625 16.01864
1.60546875 15.9631725
1.609375 15.975175
1.61328125 16.0326525
1.6171875 15.958575
1.62109375 15.9770525
1.625 15.9576
1.62890625 15.981625
1.6328125 15.960035
1.63671875 15.9823525
1.640625 15.82196875
1.64453125 16.02119
1.6484375 16.002575
1.65234375 16.016865
1.65625 15.9780075
1.66015625 15.9651125
1.6640625 15.97368
1.66796875 15.9802225
1.671875 15.9960125
1.67578125 15.9429925
1.6796875 15.967855
1.68359375 16.0209325
1.6875 15.9759725
1.69140625 15.99598
1.6953125 16.0015975
1.69921875 15.9590425
1.703125 15.85555875
1.70703125 15.9711
1.7109375 15.93565
1.71484375 15.9346925
1.71875 16.00513
1.72265625 15.960815
1.7265625 15.962515
1.73046875 15.980185
1.734375 15.8894225
1.73828125 15.9706675
1.7421875 15.9220325
1.74609375 15.88672375
1.75 15.9857275
1.75390625 15.9605375
1.7578125 15.93984
1.76171875 15.98105
1.765625 15.97033
1.76953125 15.99856
1.7734375 15.995135
1.77734375 15.99019
1.78125 15.96772
1.78515625 15.94875
1.7890625 15.92545
1.79296875 15.9308325
1.796875 16.00141
1.80078125 15.9813875
1.8046875 16.020075
1.80859375 15.9482375
1.8125 16.00719
1.81640625 15.8499325
1.8203125 15.8782775
1.82421875 15.98291
1.828125 15.99863
1.83203125 15.960715
1.8359375 16.00541
1.83984375 15.8552225
1.84375 16.0029025
1.84765625 15.959955
1.8515625 15.9882
1.85546875 15.9871925
1.859375 15.9894325
1.86328125 15.7995
1.8671875 16.015205
1.87109375 15.97977
1.875 15.9419425
1.87890625 15.996185
1.8828125 15.951615
1.88671875 15.9666825
1.890625 16.00184375
1.89453125 15.9353275
1.8984375 15.94499
1.90234375 15.81456
1.90625 15.9189675
1.91015625 15.939445
1.9140625 16.00415
1.91796875 15.74074875
1.921875 15.98258375
1.92578125 15.94043875
1.9296875 15.9568525
1.93359375 15.9666125
1.9375 15.97035
1.94140625 15.96302
1.9453125 15.89221375
1.94921875 15.81664875
1.953125 15.97985375
1.95703125 15.9097025
1.9609375 15.914375
1.96484375 16.0104675
1.96875 15.95559875
1.97265625 15.97528
1.9765625 16.012295
1.98046875 15.9465525
1.984375 15.9569275
1.98828125 15.9405825
1.9921875 15.96361
1.99609375 15.95529625
2.0 16.0214725
2.00390625 15.97444
2.0078125 15.997415
2.01171875 16.002755
2.015625 15.95585
2.01953125 15.9780825
2.0234375 15.87314
2.02734375 15.94471
2.03125 15.9487375
2.03515625 15.917185
2.0390625 15.9477775
2.04296875 15.943615
2.046875 15.84319
2.05078125 15.9601725
2.0546875 15.9837725
2.05859375 15.9336775
2.0625 15.79019375
2.06640625 15.959605
2.0703125 15.9973775
2.07421875 15.949315
2.078125 16.001335
2.08203125 15.9169925
2.0859375 15.9629275
2.08984375 15.95835
2.09375 15.9292825
2.09765625 15.997395
2.1015625 15.960055
2.10546875 16.006335
2.109375 15.901195
2.11328125 15.9721475
2.1171875 15.95945
2.12109375 15.9547925
2.125 15.990865
2.12890625 15.99072125
2.1328125 16.0339875
2.13671875 15.9812625
2.140625 15.9624925
2.14453125 15.9383525
2.1484375 15.9962275
2.15234375 15.99011
2.15625 16.01522
2.16015625 15.9928575
2.1640625 15.9611025
2.16796875 15.8964375
2.171875 15.9837575
2.17578125 15.7394275
2.1796875 15.9959175
2.18359375 15.9705875
2.1875 15.9415725
2.19140625 15.91294
2.1953125 15.9637825
2.19921875 16.00026
2.203125 15.98865
2.20703125 15.9612025
2.2109375 16.036875
2.21484375 15.95175
2.21875 15.9553425
2.22265625 15.9824875
2.2265625 15.9601925
2.23046875 15.9467825
2.234375 15.96029875
2.23828125 15.908215
2.2421875 15.92415
2.24609375 16.01608
2.25 15.9243025
2.25390625 15.9651225
2.2578125 15.91063375
2.26171875 15.94503
2.265625 15.913545
2.26953125 15.9598225
2.2734375 15.9652525
2.27734375 16.0280525
2.28125 15.9642025
2.28515625 16.0139775
2.2890625 15.97853
2.29296875 15.984465
2.296875 15.9702775
2.30078125 15.9984025
2.3046875 15.987495
2.30859375 15.95098
2.3125 15.8714725
2.31640625 15.83132375
2.3203125 16.0148225
2.32421875 15.96135
2.328125 15.9742225
2.33203125 16.01137625
2.3359375 15.9693875
2.33984375 15.9923
2.34375 15.98571875
2.34765625 15.9780425
2.3515625 16.00107875
2.35546875 15.98991625
2.359375 16.0055775
2.36328125 15.9412475
2.3671875 15.9889225
2.37109375 15.813945
2.375 15.9509775
2.37890625 15.8384825
2.3828125 15.992755
2.38671875 15.9787825
2.390625 15.999405
2.39453125 15.98972
2.3984375 16.02302
2.40234375 15.97569
2.40625 16.0051125
2.41015625 15.9507625
2.4140625 15.93874625
2.41796875 15.86878625
2.421875 15.96432
2.42578125 15.86722375
2.4296875 15.9871325
2.43359375 15.91397
2.4375 15.9740725
2.44140625 15.89335
2.4453125 15.98801
2.44921875 15.9727875
2.453125 15.992075
2.45703125 16.021305
2.4609375 15.9453725
2.46484375 15.9745
2.46875 15.9373175
2.47265625 15.96213625
2.4765625 15.9151575
2.48046875 16.00140125
2.484375 15.9470575
2.48828125 15.9852375
2.4921875 15.9519625
2.49609375 16.0144825
2.5 16.011365
2.50390625 15.97284
2.5078125 15.9622075
2.51171875 15.9587825
2.515625 15.970725
2.51953125 15.9585125
2.5234375 15.9523775
2.52734375 15.82977
2.53125 15.9570325
2.53515625 15.97939
2.5390625 15.9593575
2.54296875 15.9858225
2.546875 15.9756675
2.55078125 16.0245425
2.5546875 15.95685
2.55859375 15.9958
2.5625 15.9438525
2.56640625 16.007765
2.5703125 15.9596
2.57421875 15.989885
2.578125 15.9268975
2.58203125 15.9050525
2.5859375 15.932515
2.58984375 15.960715
2.59375 15.997275
2.59765625 15.88287375
2.6015625 16.0130725
2.60546875 15.977565
2.609375 16.022225
2.61328125 16.0201825
2.6171875 15.9844575
2.62109375 15.986895
2.625 15.9743975
2.62890625 15.9062225
2.6328125 15.9276
2.63671875 15.9778575
2.640625 15.9188675
2.64453125 15.919475
2.6484375 15.9697025
2.65234375 16.003495
2.65625 15.982655
2.66015625 15.963935
2.6640625 16.01263
2.66796875 15.96457
2.671875 15.96876
2.67578125 15.9720675
2.6796875 15.9147975
2.68359375 15.9844475
2.6875 15.9283225
2.69140625 16.00259
2.6953125 15.9947175
2.69921875 16.0195225
2.703125 16.018465
2.70703125 15.5732425
2.7109375 15.9801675
2.71484375 15.9966075
2.71875 15.974355
2.72265625 15.9346825
2.7265625 15.9899275
2.73046875 15.9899075
2.734375 15.95368
2.73828125 15.9316225
2.7421875 15.97204
2.74609375 16.0006275
2.75 15.98394
2.75390625 16.0075475
2.7578125 16.02354
2.76171875 15.95987
2.765625 16.05479
2.76953125 15.9658475
2.7734375 15.9534275
2.77734375 15.9247675
2.78125 15.9912775
2.78515625 15.91267
2.7890625 15.88137
2.79296875 15.9887175
2.796875 15.997625
2.80078125 15.9300125
2.8046875 15.955055
2.80859375 16.008345
2.8125 16.0044575
2.81640625 15.9140325
2.8203125 15.92167375
2.82421875 15.945625
2.828125 15.9660675
2.83203125 15.97648
2.8359375 15.9339375
2.83984375 15.9829475
2.84375 16.017745
2.84765625 15.9816775
2.8515625 15.951125
2.85546875 15.93696
2.859375 15.9970825
2.86328125 16.019725
2.8671875 15.99134
2.87109375 15.99679
2.875 15.982795
2.87890625 16.06888
2.8828125 15.9503875
2.88671875 15.9711425
2.890625 16.0268425
2.89453125 15.98915
2.8984375 15.951945
2.90234375 15.9328175
2.90625 16.0202925
2.91015625 15.9835375
2.9140625 15.9518075
2.91796875 15.9770025
2.921875 15.9630475
2.92578125 15.9610475
2.9296875 15.9979025
2.93359375 15.980855
2.9375 15.93411375
2.94140625 15.9529275
2.9453125 15.98599625
2.94921875 15.98917
2.953125 15.9149775
2.95703125 15.93623
2.9609375 15.9775575
2.96484375 15.993925
2.96875 15.995565
2.97265625 15.9824125
2.9765625 15.91668
2.98046875 15.986145
2.984375 15.9273125
2.98828125 15.988035
2.9921875 15.9843275
2.99609375 15.9743775
3.0 16.0196675
3.00390625 15.95804
3.0078125 15.9928725
3.01171875 16.0301075
3.015625 15.94948
3.01953125 15.9806675
3.0234375 15.97938
3.02734375 15.946745
3.03125 15.9279
3.03515625 15.8238275
3.0390625 16.00644
3.04296875 15.98494
3.046875 15.9909225
3.05078125 15.96324
3.0546875 16.0058925
3.05859375 15.99811
3.0625 15.9832675
3.06640625 15.97258
3.0703125 16.0014975
3.07421875 15.93872
3.078125 16.000565
3.08203125 15.931005
3.0859375 15.96185
3.08984375 16.0413425
3.09375 15.99694
3.09765625 15.9613375
3.1015625 15.9402525
3.10546875 16.01453625
3.109375 15.943185
3.11328125 16.02908875
3.1171875 15.9593125
3.12109375 16.01188
3.125 15.9852625
3.12890625 15.9785175
3.1328125 16.017155
3.13671875 15.961835
3.140625 15.93346
3.14453125 15.98624625
3.1484375 16.03622
3.15234375 16.0008
3.15625 15.986025
3.16015625 15.8776375
3.1640625 16.0033125
3.16796875 15.92212
3.171875 15.8672575
3.17578125 15.94662
3.1796875 15.94989
3.18359375 15.9176325
3.1875 16.058485
3.19140625 15.948945
3.1953125 15.970185
3.19921875 15.9779625
3.203125 15.9959175
3.20703125 16.0133425
3.2109375 15.9495875
3.21484375 15.9963375
3.21875 15.9691075
3.22265625 15.9292975
3.2265625 15.9920525
3.23046875 15.9836825
3.234375 15.9722875
3.23828125 15.6448975
3.2421875 15.8607225
3.24609375 15.9528825
3.25 15.94027
3.25390625 16.01175
3.2578125 16.0206525
3.26171875 15.9752575
3.265625 16.0066425
3.26953125 15.9055925
3.2734375 15.9517975
3.27734375 15.9877575
3.28125 15.9540575
3.28515625 15.9401325
3.2890625 15.9671325
3.29296875 15.9946825
3.296875 16.02172
3.30078125 15.9478825
3.3046875 15.9696325
3.30859375 16.0160575
3.3125 15.92987
3.31640625 15.9816975
3.3203125 15.9041125
3.32421875 15.9693725
3.328125 16.003825
3.33203125 16.00256
3.3359375 15.9505925
3.33984375 16.012215
3.34375 16.0117475
3.34765625 15.9990725
3.3515625 15.9832575
3.35546875 15.9013
3.359375 15.9293575
3.36328125 16.0071775
3.3671875 15.867075
3.37109375 15.945935
3.375 15.9716325
3.37890625 15.9462
3.3828125 15.912795
3.38671875 15.9989225
3.390625 15.9509175
3.39453125 15.9701675
3.3984375 15.9828525
3.40234375 15.9966675
3.40625 15.9488225
3.41015625 15.9981
3.4140625 16.02173
3.41796875 15.950545
3.421875 15.954425
3.42578125 15.958655
3.4296875 15.9864675
3.43359375 15.935425
3.4375 16.0203475
3.44140625 16.284765
3.4453125 15.9495625
3.44921875 15.9715525
3.453125 16.0094275
3.45703125 15.851255
3.4609375 15.859875
3.46484375 15.991955
3.46875 16.002825
3.47265625 15.968845
3.4765625 15.9449975
3.48046875 16.016925
3.484375 15.93073
3.48828125 15.8971825
3.4921875 16.00239
3.49609375 15.95755
3.5 15.96616
3.50390625 16.001935
3.5078125 16.0104975
3.51171875 15.9586775
3.515625 15.9838275
3.51953125 15.97094
3.5234375 15.9495325
3.52734375 15.94879
3.53125 15.97592
3.53515625 15.9351275
3.5390625 15.94334
3.54296875 15.95994
3.546875 15.95596
3.55078125 15.9334075
3.5546875 15.93629
3.55859375 16.0379975
3.5625 15.909865
3.56640625 15.969055
3.5703125 15.927685
3.57421875 15.989225
3.578125 15.9198175
3.58203125 15.9487
3.5859375 15.9724075
3.58984375 15.94799
3.59375 15.900555
3.59765625 15.9611575
3.6015625 15.9283175
3.60546875 15.95359
3.609375 15.9622475
3.61328125 15.88701
3.6171875 16.0401875
3.62109375 15.92322
3.625 15.955505
3.62890625 15.932085
3.6328125 15.9874975
3.63671875 15.9079825
3.640625 15.99042
3.64453125 15.9472025
3.6484375 15.941485
3.65234375 15.9022775
3.65625 16.0124725
3.66015625 16.046835
3.6640625 16.0202325
3.66796875 15.8900175
3.671875 15.915875
3.67578125 15.9620275
3.6796875 15.9541325
3.68359375 15.9386875
3.6875 15.9733275
3.69140625 15.8938975
3.6953125 15.98503
3.69921875 15.934125
3.703125 15.951545
3.70703125 15.92024
3.7109375 15.9998675
3.71484375 16.0323025
3.71875 15.96239
3.72265625 16.0138125
3.7265625 15.9951525
3.73046875 15.967715
3.734375 15.937835
3.73828125 15.985835
3.7421875 16.0454725
3.74609375 15.93096
3.75 15.9986325
3.75390625 15.986655
3.7578125 15.9802
3.76171875 15.982055
3.765625 15.9187325
3.76953125 16.01283
3.7734375 15.9571275
3.77734375 15.940545
3.78125 16.0173175
3.78515625 15.969125
3.7890625 15.9659575
3.79296875 15.944315
3.796875 15.92517
3.80078125 15.94976
3.8046875 15.9629675
3.80859375 15.9605675
3.8125 15.9588325
3.81640625 15.96353
3.8203125 15.979895
3.82421875 16.005565
3.828125 15.989195
3.83203125 15.9460775
3.8359375 15.965995
3.83984375 15.968555
3.84375 15.976645
3.84765625 15.978135
3.8515625 16.01572375
3.85546875 16.02182
3.859375 15.933815
3.86328125 15.9318975
3.8671875 15.943995
3.87109375 15.9615125
3.875 15.9978075
3.87890625 15.98104
3.8828125 15.94776
3.88671875 15.9791675
3.890625 15.96069125
3.89453125 15.6687875
3.8984375 15.88377
3.90234375 15.97023
3.90625 15.9788125
3.91015625 16.0069775
3.9140625 16.005825
3.91796875 15.89702
3.921875 15.976085
3.92578125 16.04249
3.9296875 15.964615
3.93359375 15.9965625
3.9375 15.9918425
3.94140625 16.0030875
3.9453125 16.0059425
3.94921875 15.97685125
3.953125 15.9896475
3.95703125 15.9366125
3.9609375 15.943135
3.96484375 16.000885
3.96875 15.9932875
3.97265625 16.0044725
3.9765625 15.9657125
3.98046875 16.0004225
3.984375 15.983925
3.98828125 15.8712025
3.9921875 15.6611225
3.99609375 15.9439175
4.0 15.9824
4.00390625 15.9813425
4.0078125 15.972615
4.01171875 15.9962725
4.015625 15.9765325
4.01953125 15.969395
4.0234375 15.968285
4.02734375 15.9199425
4.03125 16.02113125
4.03515625 16.00761
4.0390625 15.9474475
4.04296875 15.97052125
4.046875 15.96534
4.05078125 15.9754475
4.0546875 15.9677725
4.05859375 16.0365775
4.0625 15.9531725
4.06640625 15.9965725
4.0703125 15.9781
4.07421875 15.951205
4.078125 16.0097225
4.08203125 15.9385925
4.0859375 15.9626825
4.08984375 16.01826
4.09375 15.9281025
4.09765625 15.97303
4.1015625 15.9158375
4.10546875 15.9080825
4.109375 15.9745
4.11328125 15.9771775
4.1171875 15.9562975
4.12109375 15.9264725
4.125 15.9317075
4.12890625 15.9856
4.1328125 15.95712
4.13671875 15.98708
4.140625 16.0069525
4.14453125 15.942725
4.1484375 15.88378
4.15234375 15.93457
4.15625 15.9583025
4.16015625 15.93868
4.1640625 15.9249025
4.16796875 15.95284
4.171875 15.9366525
4.17578125 15.96435
4.1796875 15.973515
4.18359375 15.9778925
4.1875 15.980235
4.19140625 15.93826
4.1953125 15.932215
4.19921875 15.88781625
4.203125 15.93454
4.20703125 15.964195
4.2109375 16.0026775
4.21484375 15.9801875
4.21875 15.92938
4.22265625 15.9585325
4.2265625 15.9518675
4.23046875 15.97237
4.234375 15.9905775
4.23828125 15.98953
4.2421875 15.990735
4.24609375 16.0023375
4.25 15.9231475
4.25390625 15.9565925
4.2578125 15.99801
4.26171875 15.8810325
4.265625 15.89994125
4.26953125 15.9427725
4.2734375 15.9621125
4.27734375 15.9662625
4.28125 15.94241
4.28515625 15.9627575
4.2890625 15.86015
4.29296875 15.9501025
4.296875 15.974165
4.30078125 15.964065
4.3046875 15.9593375
4.30859375 15.90884125
4.3125 15.9396375
4.31640625 16.072085
4.3203125 15.87358875
4.32421875 15.9377025
4.328125 16.040275
4.33203125 16.0485475
4.3359375 15.978675
4.33984375 15.93455
4.34375 15.9403025
4.34765625 16.0063025
4.3515625 15.893225
4.35546875 16.0182025
4.359375 15.90737
4.36328125 15.791495
4.3671875 15.995945
4.37109375 15.949305
4.375 15.9565475
4.37890625 16.0055025
4.3828125 15.961865
4.38671875 15.9261725
4.390625 15.9023975
4.39453125 15.909745
4.3984375 15.9524125
4.40234375 15.94815
4.40625 15.946115
4.41015625 15.98412
4.4140625 15.98782
4.41796875 16.007905
4.421875 15.9767625
4.42578125 16.024815
4.4296875 15.90447
4.43359375 15.9592525
4.4375 15.94426
4.44140625 16.0087275
4.4453125 15.9044525
4.44921875 15.980105
4.453125 15.9453875
4.45703125 15.98702
4.4609375 15.934245
4.46484375 15.96453
4.46875 15.9650075
4.47265625 15.92853
4.4765625 15.9876525
4.48046875 15.868075
4.484375 15.89735
4.48828125 15.9860825
4.4921875 16.00774
4.49609375 16.01661
4.5 15.975865
4.50390625 15.9142775
4.5078125 15.937765
4.51171875 15.9423875
4.515625 15.891135
4.51953125 15.9479125
4.5234375 15.989065
4.52734375 15.9212775
4.53125 16.0073175
4.53515625 15.943525
4.5390625 16.00261
4.54296875 15.9083975
4.546875 16.008575
4.55078125 15.896115
4.5546875 16.00417
4.55859375 15.9519125
4.5625 15.969695
4.56640625 15.9292675
4.5703125 15.976355
4.57421875 15.9365875
4.578125 15.92945
4.58203125 15.97934
4.5859375 15.96852
4.58984375 15.9431725
4.59375 15.912
4.59765625 16.04618
4.6015625 15.92818
4.60546875 15.98287
4.609375 15.89091
4.61328125 15.9778975
4.6171875 15.898075
4.62109375 15.93885
4.625 15.95711
4.62890625 8.034165
4.6328125 15.9694725
4.63671875 15.956495
4.640625 16.01044
4.64453125 16.032945
4.6484375 15.9705325
4.65234375 15.890855
4.65625 15.9176125
4.66015625 16.02173
4.6640625 15.98341
4.66796875 15.9820625
4.671875 16.006385
4.67578125 15.977545
4.6796875 15.9795525
4.68359375 16.0090375
4.6875 15.958125
4.69140625 19.765595
4.6953125 16.01134375
4.69921875 16.01146125
4.703125 15.993415
4.70703125 16.0114375
4.7109375 16.0201525
4.71484375 15.88034
4.71875 15.942125
4.72265625 15.979405
4.7265625 15.9104725
4.73046875 16.00494
4.734375 15.971735
4.73828125 15.97567
4.7421875 16.0063125
4.74609375 15.976785
4.75 16.0052525
4.75390625 15.99139625
4.7578125 15.986165
4.76171875 15.95539
4.765625 16.0123725
4.76953125 16.0578175
4.7734375 15.9248225
4.77734375 15.9759425
4.78125 15.9918025
4.78515625 16.0178825
4.7890625 15.989185
4.79296875 16.0208125
4.796875 16.005465
4.80078125 15.9616
4.8046875 15.948425
4.80859375 15.97235
4.8125 15.9941725
4.81640625 15.97489
4.8203125 15.97292
4.82421875 15.9413775
4.828125 15.99492
4.83203125 15.93348
4.8359375 15.99056
4.83984375 15.95344
4.84375 15.9966375
4.84765625 15.9388375
4.8515625 15.984165
4.85546875 15.9792825
4.859375 16.0016625
4.86328125 15.9425825
4.8671875 16.0276675
4.87109375 16.000145
4.875 15.990175
4.87890625 16.0393075
4.8828125 15.967835
4.88671875 15.968485
4.890625 16.0683725
4.89453125 15.91801
4.8984375 15.9902325
4.90234375 15.9899225
4.90625 16.0142725
4.91015625 15.9790325
4.9140625 15.9036875
4.91796875 16.0175675
4.921875 15.972175
4.92578125 16.0090925
4.9296875 15.989095
4.93359375 15.99954
4.9375 15.9810325
4.94140625 15.891965
4.9453125 15.95899
4.94921875 16.0649275
4.953125 16.018325
4.95703125 15.9189025
4.9609375 15.9538675
4.96484375 15.97608
4.96875 15.9801325
4.97265625 16.010265
4.9765625 15.9570825
4.98046875 15.9109675
4.984375 16.047075
4.98828125 15.94333
4.9921875 15.967495
4.99609375 15.9683
5.0 15.9979125
5.00390625 16.002615
5.0078125 16.0134525
5.01171875 15.9685425
5.015625 16.0017825
5.01953125 15.9988825
5.0234375 15.9936875
5.02734375 15.9105875
5.03125 15.9812275
5.03515625 15.97982
5.0390625 15.94751
5.04296875 15.98637
5.046875 15.9930275
5.05078125 15.95175
5.0546875 15.95688
5.05859375 15.9696925
5.0625 15.9704775
5.06640625 16.0347175
5.0703125 15.9489
5.07421875 15.9967325
5.078125 15.9427075
5.08203125 16.0350825
5.0859375 15.8814125
5.08984375 16.0127225
5.09375 15.9661075
5.09765625 15.9784625
5.1015625 15.9871375
5.10546875 16.0133525
5.109375 15.91059
5.11328125 15.9337375
5.1171875 16.01251
5.12109375 15.963195
5.125 15.9951225
5.12890625 16.01945
5.1328125 16.0151
5.13671875 16.0154075
5.140625 16.04743
5.14453125 16.012855
5.1484375 15.9885275
5.15234375 15.9672475
5.15625 15.98204
5.16015625 15.8705375
5.1640625 16.030405
5.16796875 15.92635
5.171875 15.9916425
5.17578125 15.9575875
5.1796875 15.9775325
5.18359375 16.0063075
5.1875 15.9304875
5.19140625 15.8381775
5.1953125 15.9531125
5.19921875 15.958355
5.203125 15.9865875
5.20703125 15.9458425
5.2109375 15.971905
5.21484375 15.92540875
5.21875 16.0366225
5.22265625 15.9412375
5.2265625 16.0097375
5.23046875 15.9968
5.234375 15.9512625
5.23828125 16.01499
5.2421875 15.98713
5.24609375 16.0338825
5.25 15.9629575
5.25390625 15.969555
5.2578125 16.107415
5.26171875 15.943775
5.265625 15.99973
5.26953125 16.0153625
5.2734375 15.97798
5.27734375 15.9698975
5.28125 15.829945
5.28515625 15.939715
5.2890625 15.971535
5.29296875 15.930065
5.296875 15.97484
5.30078125 15.9092775
5.3046875 15.956005
5.30859375 16.052205
5.3125 15.9552125
5.31640625 15.95101
5.3203125 15.9933375
5.32421875 15.9800075
5.328125 15.93865
5.33203125 16.0276875
5.3359375 15.945795
5.33984375 15.855755
5.34375 15.92882
5.34765625 15.965945
5.3515625 15.98635
5.35546875 16.0029325
5.359375 15.958945
5.36328125 16.019495
5.3671875 15.97686
5.37109375 16.0066325
5.375 15.9679375
5.37890625 15.8291125
5.3828125 15.9790475
5.38671875 15.9839325
5.390625 15.950895
5.39453125 15.985315
5.3984375 15.9242925
5.40234375 15.9263075
5.40625 16.02973
5.41015625 15.991045
5.4140625 15.9242075
5.41796875 16.045315
5.421875 16.00583
5.42578125 15.9527075
5.4296875 15.9693625
5.43359375 15.82300875
5.4375 15.972145
5.44140625 15.930695
5.4453125 16.0060275
5.44921875 15.97012
5.453125 15.9572825
5.45703125 15.87766
5.4609375 15.9546775
5.46484375 15.88047
5.46875 16.0200775
5.47265625 15.8580775
5.4765625 15.93936
5.48046875 15.9348725
5.484375 15.95709
5.48828125 16.022005
5.4921875 15.988785
5.49609375 16.038265
5.5 15.959925
5.50390625 16.0389425
5.5078125 15.9617175
5.51171875 15.96653
5.515625 15.9814525
5.51953125 15.96174
5.5234375 15.99813
5.52734375 15.956875
5.53125 15.8517675
5.53515625 15.996525
5.5390625 15.99845875
5.54296875 15.9878475
5.546875 15.94965625
5.55078125 15.940605
5.5546875 15.9713175
5.55859375 15.9267025
5.5625 15.94947
5.56640625 16.012965
5.5703125 15.9782275
5.57421875 15.96055
5.578125 15.8729
5.58203125 15.97607
5.5859375 16.0110075
5.58984375 15.9963875
5.59375 16.0026
5.59765625 15.889985
5.6015625 15.949945
5.60546875 15.9582125
5.609375 15.94846
5.61328125 15.99166
5.6171875 15.98715
5.62109375 15.97512
5.625 16.000615
5.62890625 15.99289
5.6328125 15.99385
5.63671875 16.0473475
5.640625 15.9975175
5.64453125 15.93226875
5.6484375 16.0083225
5.65234375 15.871995
5.65625 15.9540675
5.66015625 15.9196425
5.6640625 15.96975
5.66796875 15.991635
5.671875 16.0093925
5.67578125 15.94105
5.6796875 15.9269475
5.68359375 15.999225
5.6875 15.9223625
5.69140625 15.98383
5.6953125 16.01913
5.69921875 16.0034525
5.703125 16.031935
5.70703125 16.014805
5.7109375 15.959465
5.71484375 15.8972925
5.71875 15.95410625
5.72265625 16.0101825
5.7265625 15.9921275
5.73046875 15.969225
5.734375 15.967195
5.73828125 15.9636725
5.7421875 15.91817875
5.74609375 15.9449975
5.75 15.9689575
5.75390625 15.9469525
5.7578125 15.952145
5.76171875 15.9574625
5.765625 15.9928525
5.76953125 15.941135
5.7734375 15.9884075
5.77734375 15.8808525
5.78125 15.96837
5.78515625 16.0035
5.7890625 15.9731725
5.79296875 15.9385
5.796875 15.9489275
5.80078125 16.0206675
5.8046875 15.89305125
5.80859375 15.962205
5.8125 15.9514625
5.81640625 16.031415
5.8203125 15.8953875
5.82421875 15.997675
5.828125 16.0255425
5.83203125 15.9750825
5.8359375 15.9243925
5.83984375 15.983805
5.84375 15.93368
5.84765625 15.8499
5.8515625 16.02462375
5.85546875 15.99788
5.859375 16.0065025
5.86328125 15.9649825
5.8671875 15.94379
5.87109375 15.9328175
5.875 15.9543275
5.87890625 15.9275
5.8828125 15.96454
5.88671875 15.76063375
5.890625 15.9559725
5.89453125 15.992275
5.8984375 15.9899325
5.90234375 16.01380375
5.90625 15.9825
5.91015625 15.97725875
5.9140625 15.99141
5.91796875 16.02981625
5.921875 15.990585
5.92578125 15.969895
5.9296875 15.9934775
5.93359375 15.98636
5.9375 15.9897625
5.94140625 15.9853875
5.9453125 15.9627775
5.94921875 15.94954
5.953125 15.9609075
5.95703125 15.932985
5.9609375 16.0008375
5.96484375 15.9538525
5.96875 15.9570325
5.97265625 15.950945
5.9765625 16.0148425
5.98046875 15.911145
5.984375 16.0024175
5.98828125 15.9606275
5.9921875 16.0552425
5.99609375 15.984
6.0 15.9811125
6.00390625 16.01771
6.0078125 16.00235875
6.01171875 15.9561875
6.015625 15.978055
6.01953125 15.8996775
6.0234375 15.96274875
6.02734375 15.9558525
6.03125 15.95935
6.03515625 15.9154475
6.0390625 15.940165
6.04296875 15.98553
6.046875 15.9345175
6.05078125 15.922835
6.0546875 15.96597
6.05859375 15.92071875
6.0625 15.9672475
6.06640625 15.9603575
6.0703125 16.05127875
6.07421875 15.94879
6.078125 15.9790675
6.08203125 15.901555
6.0859375 15.97728
6.08984375 15.7833075
6.09375 15.9262175
6.09765625 15.960175
6.1015625 16.0337225
6.10546875 15.93496
6.109375 15.9079725
6.11328125 15.93264
6.1171875 16.0072225
6.12109375 15.95264
6.125 16.0049875
6.12890625 15.97592
6.1328125 15.9731925
6.13671875 16.040295
6.140625 15.974805
6.14453125 15.974125
6.1484375 16.0328675
6.15234375 15.972235
6.15625 16.0267075
6.16015625 15.998835
6.1640625 15.971605
6.16796875 15.92440125
6.171875 15.974355
6.17578125 15.9888025
6.1796875 15.9278775
6.18359375 15.99
6.1875 15.9962225
6.19140625 16.139065
6.1953125 16.0231075
6.19921875 16.0377875
6.203125 15.99906
6.20703125 15.97962
6.2109375 15.9323525
6.21484375 15.9231625
6.21875 15.9919275
6.22265625 15.96533125
6.2265625 15.9935625
6.23046875 15.87601625
6.234375 15.99139
6.23828125 15.98382
6.2421875 16.003785
6.24609375 16.015955
6.25 15.9528175
6.25390625 16.03487
6.2578125 15.93721
6.26171875 16.0092475
6.265625 15.931135
6.26953125 15.9054025
6.2734375 16.018085
6.27734375 15.962075
6.28125 15.9845175
6.28515625 15.9710825
6.2890625 16.04982
6.29296875 15.8499925
6.296875 15.986375
6.30078125 16.02717
6.3046875 15.9107375
6.30859375 16.0427975
6.3125 15.9636725
6.31640625 15.96217
6.3203125 15.9660975
6.32421875 16.0858275
6.328125 15.9889025
6.33203125 15.9877225
6.3359375 15.972685
6.33984375 15.95761
6.34375 15.9721425
6.34765625 15.98226
6.3515625 15.981075
6.35546875 16.0049525
6.359375 15.95379
6.36328125 16.0340475
6.3671875 16.014355
6.37109375 16.0160175
6.375 15.992935
6.37890625 15.98285
6.3828125 16.0113775
6.38671875 15.95484625
6.390625 15.98621
6.39453125 15.979145
6.3984375 16.0061975
6.40234375 15.9439375
6.40625 15.9566275
6.41015625 15.9666375
6.4140625 15.978105
6.41796875 15.9933625
6.421875 16.0160625
6.42578125 15.98845
6.4296875 16.0083375
6.43359375 16.0043575
6.4375 16.00088
6.44140625 15.9801975
6.4453125 15.99692
6.44921875 15.969655
6.453125 15.9770425
6.45703125 16.00202
6.4609375 15.9523975
6.46484375 15.9441175
6.46875 16.0161575
6.47265625 15.987315
6.4765625 15.9851275
6.48046875 15.938505
6.484375 16.007275
6.48828125 16.0284725
6.4921875 15.9281
6.49609375 16.01757625
6.5 15.9926925
6.50390625 15.9773075
6.5078125 15.98811
6.51171875 15.9581075
6.515625 15.9757725
6.51953125 15.955405
6.5234375 15.9546325
6.52734375 15.964785
6.53125 15.9944425
6.53515625 15.9499575
6.5390625 16.0287875
6.54296875 15.9787625
6.546875 16.01494
6.55078125 15.91461
6.5546875 15.98122375
6.55859375 15.999825
6.5625 15.92820625
6.56640625 16.0606325
6.5703125 15.955635
6.57421875 15.99365875
6.578125 15.9613025
6.58203125 15.9568275
6.5859375 16.016015
6.58984375 15.9733375
6.59375 16.0266975
6.59765625 16.03107625
6.6015625 16.005985
6.60546875 15.858085
6.609375 16.0152375
6.61328125 15.9527125
6.6171875 15.9751425
6.62109375 15.9992125
6.625 15.9580575
6.62890625 16.0207675
6.6328125 15.9744675
6.63671875 15.9754525
6.640625 16.012205
6.64453125 16.0112775
6.6484375 15.99725
6.65234375 15.95338875
6.65625 15.94698
6.66015625 16.029295
6.6640625 16.0194525
6.66796875 15.9555575
6.671875 15.9988625
6.67578125 15.94579
6.6796875 16.0018075
6.68359375 15.97877
6.6875 15.981045
6.69140625 15.970685
6.6953125 15.9617225
6.69921875 16.000835
6.703125 15.941125
6.70703125 15.9952075
6.7109375 15.9426325
6.71484375 15.9573975
6.71875 15.9879325
6.72265625 15.97395125
6.7265625 16.001775
6.73046875 15.93899
6.734375 15.9829675
6.73828125 16.007505
6.7421875 15.94582625
6.74609375 15.96778625
6.75 15.954255
6.75390625 16.0672075
6.7578125 15.90884375
6.76171875 16.01416
6.765625 16.00088
6.76953125 16.0148275
6.7734375 15.862825
6.77734375 16.0500375
6.78125 15.88372375
6.78515625 15.9989375
6.7890625 15.9701625
6.79296875 15.989465
6.796875 15.9668825
6.80078125 15.946745
6.8046875 16.0064375
6.80859375 16.000855
6.8125 15.97066375
6.81640625 16.01275125
6.8203125 15.9891925
6.82421875 16.009615
6.828125 15.947395
6.83203125 15.96802
6.8359375 16.02812
6.83984375 15.9651375
6.84375 15.94564
6.84765625 15.992815
6.8515625 16.0228825
6.85546875 16.01187
6.859375 15.968635
6.86328125 15.9546425
6.8671875 15.955165
6.87109375 15.998645
6.875 15.9856475
6.87890625 15.973745
6.8828125 15.95613
6.88671875 15.96728
6.890625 16.012625
6.89453125 15.97765
6.8984375 15.9353325
6.90234375 15.998245
6.90625 16.0157625
6.91015625 15.9631225
6.9140625 15.94497
6.91796875 15.9496275
6.921875 16.0424925
6.92578125 16.0453525
6.9296875 15.99606
6.93359375 15.9465775
6.9375 15.9975575
6.94140625 15.986035
6.9453125 15.976485
6.94921875 15.993215
6.953125 15.9333275
6.95703125 15.9112225
6.9609375 15.98093
6.96484375 15.99826
6.96875 15.9407475
6.97265625 15.9414375
6.9765625 16.02159
6.98046875 15.997185
6.984375 15.9769275
6.98828125 15.925315
6.9921875 16.010815
6.99609375 15.998655
7.0 15.9995275
7.00390625 15.999635
7.0078125 16.0192325
7.01171875 16.00882
7.015625 15.929605
7.01953125 15.96242125
7.0234375 16.003075
7.02734375 15.99840625
7.03125 15.99999375
7.03515625 15.9629925
7.0390625 15.89156
7.04296875 15.9613425
7.046875 15.9655475
7.05078125 15.8354425
7.0546875 15.931115
7.05859375 16.0210175
7.0625 15.8863725
7.06640625 15.9896925
7.0703125 16.0118175
7.07421875 15.9751325
7.078125 16.01307875
7.08203125 15.9602725
7.0859375 15.9835975
7.08984375 15.94124
7.09375 16.0389575
7.09765625 16.0167825
7.1015625 15.9635975
7.10546875 15.95945
7.109375 15.99238875
7.11328125 15.9882325
7.1171875 15.9956975
7.12109375 15.966735
7.125 16.0040025
7.12890625 15.93554625
7.1328125 15.9813875
7.13671875 15.9389575
7.140625 15.96121375
7.14453125 15.92391
7.1484375 16.03586125
7.15234375 16.0159
7.15625 15.885285
7.16015625 15.8162675
7.1640625 15.9689425
7.16796875 15.9393825
7.171875 16.03542
7.17578125 15.9794725
7.1796875 15.9632325
7.18359375 16.034595
7.1875 15.8830275
7.19140625 16.0257575
7.1953125 15.9724075
7.19921875 15.97825
7.203125 15.96252
7.20703125 15.9464975
7.2109375 15.93912625
7.21484375 15.924095
7.21875 16.014515
7.22265625 15.8850775
7.2265625 15.9392525
7.23046875 15.94872
7.234375 15.99534375
7.23828125 15.9609725
7.2421875 15.91712
7.24609375 15.9302525
7.25 15.93529
7.25390625 15.9848225
7.2578125 16.0153175
7.26171875 16.0093575
7.265625 15.960105
7.26953125 15.9582275
7.2734375 15.9971975
7.27734375 15.97309
7.28125 15.9925025
7.28515625 15.96024
7.2890625 15.96803
7.29296875 16.029855
7.296875 15.936875
7.30078125 15.9256125
7.3046875 16.0234625
7.30859375 15.954455
7.3125 15.96529
7.31640625 16.0379975
7.3203125 16.004135
7.32421875 15.874695
7.328125 15.8603925
7.33203125 16.03818
7.3359375 16.0222475
7.33984375 15.9640075
7.34375 15.9925475
7.34765625 15.9079725
7.3515625 15.97513
7.35546875 16.0073475
7.359375 15.9526325
7.36328125 16.02865
7.3671875 15.976685
7.37109375 15.9910725
7.375 16.04086
7.37890625 16.06264
7.3828125 16.0704925
7.38671875 16.0127125
7.390625 15.9704625
7.39453125 15.98544
7.3984375 15.89482
7.40234375 15.9778475
7.40625 15.8455675
7.41015625 15.97124
7.4140625 16.013275
7.41796875 15.9850075
7.421875 15.964775
7.42578125 15.968415
7.4296875 15.8785225
7.43359375 16.05818
7.4375 15.9072725
7.44140625 15.9599825
7.4453125 15.9396075
7.44921875 15.9861275
7.453125 15.8913675
7.45703125 16.018655
7.4609375 15.9709525
7.46484375 15.97809125
7.46875 16.0077475
7.47265625 15.97153
7.4765625 16.0082325
7.48046875 15.965315
7.484375 15.938885
7.48828125 15.9624925
7.4921875 15.9596
7.49609375 16.0195275
7.5 15.997195
7.50390625 16.01273875
7.5078125 15.94800875
7.51171875 16.02754
7.515625 15.96415875
7.51953125 15.9192125
7.5234375 16.02334
7.52734375 15.9521525
7.53125 16.02899
7.53515625 15.8888125
7.5390625 15.928495
7.54296875 15.9834125
7.546875 16.00785
7.55078125 16.01578
7.5546875 16.0441025
7.55859375 15.9498725
7.5625 15.912725
7.56640625 15.978785
7.5703125 15.9226
7.57421875 15.8885325
7.578125 16.01495
7.58203125 16.0114575
7.5859375 15.965885
7.58984375 15.9567625
7.59375 15.9411575
7.59765625 15.84964
7.6015625 15.9691825
7.60546875 15.95963
7.609375 16.031675
7.61328125 15.9448475
7.6171875 15.94986125
7.62109375 15.970045
7.625 15.877055
7.62890625 16.0980975
7.6328125 16.0414125
7.63671875 15.98389125
7.640625 15.92129
7.64453125 16.01547625
7.6484375 15.87915625
7.65234375 15.96673375
7.65625 15.8970025
7.66015625 15.95849
7.6640625 16.012485
7.66796875 15.984855
7.671875 15.9006425
7.67578125 15.99935875
7.6796875 15.9192725
7.68359375 15.828965
7.6875 15.926335
7.69140625 15.98229
7.6953125 15.960735
7.69921875 15.86827875
7.703125 15.9404475
7.70703125 15.9058925
7.7109375 15.95798
7.71484375 15.975995
7.71875 16.0038725
7.72265625 15.9568475
7.7265625 15.9443625
7.73046875 15.9927925
7.734375 15.959645
7.73828125 15.908635
7.7421875 15.82922375
7.74609375 16.0111075
7.75 15.9929525
7.75390625 16.0009725
7.7578125 16.0286
7.76171875 15.93109
7.765625 15.9566125
7.76953125 15.95860125
7.7734375 15.9622075
7.77734375 15.950965
7.78125 15.883975
7.78515625 16.0028125
7.7890625 15.95020875
7.79296875 15.96804
7.796875 16.0007825
7.80078125 15.94961
7.8046875 15.98559
7.80859375 15.88118125
7.8125 15.9648625
7.81640625 16.0269375
7.8203125 15.9737175
7.82421875 15.83880125
7.828125 15.9323
7.83203125 15.7470975
7.8359375 15.98183
7.83984375 15.989205
7.84375 16.0054325
7.84765625 15.88616
7.8515625 16.00048
7.85546875 16.017125
7.859375 15.942605
7.86328125 15.91489
7.8671875 15.9577825
7.87109375 15.9912075
7.875 16.0200075
7.87890625 16.0372975
7.8828125 15.9879925
7.88671875 15.9284475
7.890625 15.95339
7.89453125 16.01061
7.8984375 15.9922825
7.90234375 15.9296675
7.90625 15.9572175
7.91015625 15.9394625
7.9140625 15.9845875
7.91796875 16.002365
7.921875 16.0439775
7.92578125 16.01241
7.9296875 15.98479
7.93359375 16.0005825
7.9375 15.976135
7.94140625 15.9996825
7.9453125 15.50729
7.94921875 15.8710125
7.953125 15.89287
7.95703125 15.9615625
7.9609375 15.97840875
7.96484375 15.929655
7.96875 15.9674375
7.97265625 15.92586
7.9765625 15.9714075
7.98046875 15.9866625
7.984375 16.011505
7.98828125 15.9656125
7.9921875 16.05490875
7.99609375 15.953915
8.0 15.995335
8.00390625 16.01498125
8.0078125 15.9580025
8.01171875 15.885575
8.015625 15.97207625
8.01953125 15.91971
8.0234375 16.019575
8.02734375 15.97357
8.03125 16.011505
8.03515625 15.9731975
8.0390625 15.9896325
8.04296875 16.02334
8.046875 15.9552075
8.05078125 16.003935
8.0546875 15.9737525
8.05859375 15.979765
8.0625 15.907925
8.06640625 15.974475
8.0703125 15.955155
8.07421875 16.034945
8.078125 15.9918575
8.08203125 15.9326475
8.0859375 16.0283875
8.08984375 15.89745
8.09375 15.895475
8.09765625 15.97554
8.1015625 16.006625
8.10546875 16.007965
8.109375 15.9714225
8.11328125 15.9881
8.1171875 15.942125
8.12109375 15.99925625
8.125 16.0178475
8.12890625 15.99570125
8.1328125 15.97856
8.13671875 15.973385
8.140625 15.92792
8.14453125 15.99755
8.1484375 15.9377
8.15234375 15.9586725
8.15625 15.99969375
8.16015625 15.9726225
8.1640625 15.9981025
8.16796875 15.9266975
8.171875 15.99053
8.17578125 16.010985
8.1796875 15.98626875
8.18359375 16.0031475
8.1875 15.909505
8.19140625 15.9845525
8.1953125 15.885165
8.19921875 15.9951375
8.203125 16.000305
8.20703125 15.9940725
8.2109375 16.0222225
8.21484375 15.9937925
8.21875 15.9843475
8.22265625 16.0238325
8.2265625 16.0063
8.23046875 15.95135
8.234375 16.0454025
8.23828125 15.942835
8.2421875 15.98342
8.24609375 15.95483
8.25 15.9831275
8.25390625 16.0035475
8.2578125 15.9224575
8.26171875 16.0030925
8.265625 16.00246
8.26953125 15.99108625
8.2734375 15.9922175
8.27734375 15.9889475
8.28125 15.918715
8.28515625 15.8975025
8.2890625 15.959055
8.29296875 16.01054
8.296875 16.0447425
8.30078125 15.91641
8.3046875 15.95423
8.30859375 15.9577725
8.3125 15.988495
8.31640625 16.017195
8.3203125 16.0175425
8.32421875 15.92858375
8.328125 15.978735
8.33203125 15.9988225
8.3359375 15.9723925
8.33984375 15.96759
8.34375 15.9942075
8.34765625 16.040115
8.3515625 16.0126175
8.35546875 16.0211775
8.359375 15.931955
8.36328125 15.979065
8.3671875 15.9719075
8.37109375 15.9748875
8.375 15.9558975
8.37890625 15.9809775
8.3828125 16.0185275
8.38671875 16.0045375
8.390625 15.9803725
8.39453125 15.9743125
8.3984375 15.9611575
8.40234375 15.96385
8.40625 15.9800325
8.41015625 16.0097225
8.4140625 15.9789
8.41796875 16.0206075
8.421875 16.0050275
8.42578125 16.0362175
8.4296875 15.9692575
8.43359375 15.9351425
8.4375 16.0064825
8.44140625 15.9881525
8.4453125 15.95242
8.44921875 15.9516725
8.453125 15.91318375
8.45703125 15.9385325
8.4609375 15.908255
8.46484375 15.98605
8.46875 15.9462825
8.47265625 16.000495
8.4765625 15.98267
8.48046875 16.00021
8.484375 15.9774225
8.48828125 15.967755
8.4921875 15.99449
8.49609375 16.00633
8.5 16.0078425
8.50390625 16.0140925
8.5078125 15.943965
8.51171875 15.8725275
8.515625 15.99544
8.51953125 15.9517475
8.5234375 15.9880225
8.52734375 15.9927125
8.53125 16.0094725
8.53515625 15.99225
8.5390625 16.0080525
8.54296875 15.95635
8.546875 15.9816
8.55078125 15.9773725
8.5546875 15.9507525
8.55859375 15.9753525
8.5625 16.01045
8.56640625 15.994455
8.5703125 15.989675
8.57421875 16.034805
8.578125 16.004795
8.58203125 15.9832
8.5859375 15.9816025
8.58984375 15.9444075
8.59375 15.986985
8.59765625 16.00792
8.6015625 15.9910825
8.60546875 15.9993275
8.609375 15.9781775
8.61328125 15.97942125
8.6171875 15.932915
8.62109375 15.9563725
8.625 15.9945375
8.62890625 15.9650775
8.6328125 15.9685275
8.63671875 15.9667225
8.640625 16.002715
8.64453125 15.9766425
8.6484375 15.99498625
8.65234375 16.00278
8.65625 15.9270375
8.66015625 15.98827
8.6640625 16.008415
8.66796875 15.9643575
8.671875 16.0427875
8.67578125 15.9441825
8.6796875 15.9870225
8.68359375 15.9639325
8.6875 15.9365925
8.69140625 16.0650975
8.6953125 15.9647925
8.69921875 15.976595
8.703125 15.9684075
8.70703125 15.949395
8.7109375 15.986555
8.71484375 15.994245
8.71875 15.92183
8.72265625 15.84367
8.7265625 16.01501
8.73046875 15.956025
8.734375 15.954335
8.73828125 15.954845
8.7421875 15.9519625
8.74609375 15.9691275
8.75 15.9582875
8.75390625 15.970045
8.7578125 15.9637525
8.76171875 15.93128
8.765625 16.015115
8.76953125 16.0519575
8.7734375 15.9969775
8.77734375 16.0144625
8.78125 16.026375
8.78515625 15.7676725
8.7890625 15.9995075
8.79296875 15.9868275
8.796875 16.00259
8.80078125 15.9581575
8.8046875 15.9719325
8.80859375 15.98923
8.8125 15.95228
8.81640625 15.8862725
8.8203125 15.9778825
8.82421875 15.96620875
8.828125 15.9782975
8.83203125 16.0101875
8.8359375 16.0134725
8.83984375 16.0239375
8.84375 15.9983775
8.84765625 16.030895
8.8515625 15.9721575
8.85546875 16.06038
8.859375 16.0005375
8.86328125 15.975775
8.8671875 15.9576725
8.87109375 16.0244275
8.875 15.9599225
8.87890625 16.0159725
8.8828125 15.99044
8.88671875 16.0021125
8.890625 15.981945
8.89453125 15.993705
8.8984375 15.89948
8.90234375 15.97614
8.90625 15.945825
8.91015625 15.980045
8.9140625 15.912915
8.91796875 15.9614825
8.921875 16.001505
8.92578125 15.9610675
8.9296875 15.9084325
8.93359375 15.98492
8.9375 15.96534
8.94140625 15.940385
8.9453125 16.0037175
8.94921875 16.013925
8.953125 15.9755425
8.95703125 16.0539875
8.9609375 15.9916525
8.96484375 15.9665075
8.96875 16.02020375
8.97265625 15.99546
8.9765625 15.98887
8.98046875 15.95948
8.984375 15.9889475
8.98828125 15.676865
8.9921875 15.979425
8.99609375 15.901105
9.0 15.96422
9.00390625 15.9462175
9.0078125 15.9209525
9.01171875 15.97234
9.015625 16.042415
9.01953125 16.0098825
9.0234375 15.951265
9.02734375 16.0236275
9.03125 15.9680375
9.03515625 16.02869
9.0390625 16.3224875
9.04296875 16.041195
9.046875 16.02785
9.05078125 16.009405
9.0546875 16.0292425
9.05859375 15.955285
9.0625 15.55315
9.06640625 16.0046175
9.0703125 16.03886
9.07421875 15.93679
9.078125 15.9139525
9.08203125 15.9771875
9.0859375 15.77612
9.08984375 15.96681
9.09375 15.9567125
9.09765625 15.9824175
9.1015625 15.9798425
9.10546875 15.9936875
9.109375 15.953615
9.11328125 15.85376
9.1171875 15.8771275
9.12109375 15.9262525
9.125 16.01845
9.12890625 16.0193175
9.1328125 15.935615
9.13671875 16.03966
9.140625 15.863995
9.14453125 16.00389875
9.1484375 16.01047
9.15234375 15.967245
9.15625 16.0398125
9.16015625 16.0636325
9.1640625 16.0013325
9.16796875 16.005705
9.171875 15.9746975
9.17578125 15.9773575
9.1796875 16.0194925
9.18359375 15.9281725
9.1875 15.97619
9.19140625 15.9545525
9.1953125 15.9172025
9.19921875 15.931415
9.203125 15.9131925
9.20703125 16.00632
9.2109375 15.9874125
9.21484375 15.94197625
9.21875 15.9111825
9.22265625 16.0421175
9.2265625 15.9647575
9.23046875 15.99658
9.234375 15.987385
9.23828125 15.9710125
9.2421875 15.9330775
9.24609375 15.988255
9.25 16.001375
9.25390625 16.0123475
9.2578125 15.9922325
9.26171875 16.1010475
9.265625 15.9074075
9.26953125 15.9963725
9.2734375 15.8949025
9.27734375 15.9964025
9.28125 15.96963
9.28515625 15.9383125
9.2890625 15.880535
9.29296875 15.994625
9.296875 15.9267025
9.30078125 16.014965
9.3046875 15.9882675
9.30859375 15.9617125
9.3125 16.01041
9.31640625 15.9681025
9.3203125 15.9538875
9.32421875 15.9933825
9.328125 15.9892725
9.33203125 15.9979125
9.3359375 15.95433
9.33984375 15.995485
9.34375 15.952205
9.34765625 16.0265325
9.3515625 15.61489
9.35546875 16.0065275
9.359375 16.0079375
9.36328125 15.922165
9.3671875 15.9498975
9.37109375 15.6803775
9.375 15.97032
9.37890625 15.96325
9.3828125 15.9387625
9.38671875 15.999285
9.390625 16.01901
9.39453125 15.9586775
9.3984375 15.937915
9.40234375 15.9456075
9.40625 15.9297175
9.41015625 15.9565375
9.4140625 15.959465
9.41796875 15.9883275
9.421875 15.98624
9.42578125 15.99328
9.4296875 15.9553925
9.43359375 15.97494
9.4375 15.9865975
9.44140625 15.96185
9.4453125 15.968395
9.44921875 15.96133
9.453125 16.01798
9.45703125 15.98615
9.4609375 16.019775
9.46484375 16.0032575
9.46875 15.9783475
9.47265625 16.00049
9.4765625 15.9459175
9.48046875 16.04625
9.484375 16.01117
9.48828125 15.970615
9.4921875 15.96867
9.49609375 15.942405
9.5 15.9814375
9.50390625 16.015575
9.5078125 15.97960875
9.51171875 16.0122275
9.515625 15.99241
9.51953125 16.03046
9.5234375 15.9966475
9.52734375 15.9926775
9.53125 15.95802
9.53515625 15.96964
9.5390625 15.90702
9.54296875 15.984315
9.546875 15.91947
9.55078125 15.95967875
9.5546875 15.9130875
9.55859375 15.9819125
9.5625 15.9747225
9.56640625 15.95175
9.5703125 16.02182
9.57421875 15.90806
9.578125 15.9877425
9.58203125 16.0081225
9.5859375 15.99092
9.58984375 15.9704775
9.59375 15.9573725
9.59765625 16.00529875
9.6015625 16.0438725
9.60546875 15.9742225
9.609375 15.9522575
9.61328125 16.01114
9.6171875 16.068545
9.62109375 15.95166625
9.625 15.95233
9.62890625 16.0106825
9.6328125 16.004755
9.63671875 15.9273275
9.640625 15.97095
9.64453125 15.9271825
9.6484375 15.9776975
9.65234375 15.89473
9.65625 15.993175
9.66015625 15.88962875
9.6640625 15.9805725
9.66796875 15.9450075
9.671875 15.9364725
9.67578125 15.9701775
9.6796875 15.9802975
9.68359375 15.9223275
9.6875 15.8443875
9.69140625 16.09804
9.6953125 15.99905
9.69921875 16.01695
9.703125 15.922855
9.70703125 16.0331725
9.7109375 15.95932
9.71484375 15.903815
9.71875 15.97944375
9.72265625 15.9236475
9.7265625 15.9611975
9.73046875 15.96998
9.734375 15.96602
9.73828125 15.943225
9.7421875 15.95247875
9.74609375 15.9433275
9.75 15.8349825
9.75390625 15.9507775
9.7578125 15.998425
9.76171875 16.060055
9.765625 16.0176125
9.76953125 15.96276
9.7734375 15.9739275
9.77734375 16.0241975
9.78125 15.96248
9.78515625 16.0336675
9.7890625 15.992095
9.79296875 15.9894225
9.796875 16.017655
9.80078125 15.9416625
9.8046875 15.99789
9.80859375 15.9201875
9.8125 16.0063175
9.81640625 16.055205
9.8203125 15.9688675
9.82421875 15.9765375
9.828125 16.00229
9.83203125 15.96597
9.8359375 15.987075
9.83984375 15.9930075
9.84375 15.9574
9.84765625 15.9423925
9.8515625 15.9554525
9.85546875 16.0133225
9.859375 15.9674675
9.86328125 16.0201525
9.8671875 15.96541
9.87109375 15.974415
9.875 15.9272125
9.87890625 15.943635
9.8828125 15.97575
9.88671875 15.94921
9.890625 15.95812
9.89453125 15.9737775
9.8984375 15.9625475
9.90234375 16.007625
9.90625 15.913685
9.91015625 15.97675
9.9140625 15.96031
9.91796875 15.9492725
9.921875 15.8131225
9.92578125 15.9691525
9.9296875 15.9364825
9.93359375 15.96153
9.9375 15.9447875
9.94140625 15.934025
9.9453125 15.9606425
9.94921875 15.9987625
9.953125 15.95712
9.95703125 15.9718675
9.9609375 16.0219475
9.96484375 15.9681675
9.96875 16.003465
9.97265625 15.9828675
9.9765625 16.01741
9.98046875 15.9791725
9.984375 15.98031
9.98828125 15.984055
9.9921875 15.9797575
9.99609375 16.0067175
10.0 15.98962
10.00390625 15.9912
10.0078125 15.9787375
10.01171875 15.992885
10.015625 15.9646325
10.01953125 15.9835375
10.0234375 15.965945
10.02734375 15.9360575
10.03125 15.93285
10.03515625 15.9177725
10.0390625 15.94037
10.04296875 15.9517875
10.046875 15.9811575
10.05078125 16.0314825
10.0546875 15.935635
10.05859375 15.9904725
10.0625 15.982655
10.06640625 8.0110875
10.0703125 15.9930575
10.07421875 15.979385
10.078125 15.97417
10.08203125 16.0075775
10.0859375 16.0154475
10.08984375 15.982375
10.09375 15.9634325
10.09765625 15.9340925
10.1015625 15.90977
10.10546875 15.99054
10.109375 15.96642
10.11328125 15.977715
10.1171875 16.0044925
10.12109375 15.99563
10.125 15.8843725
10.12890625 15.99252
10.1328125 15.9960575
10.13671875 15.98568
10.140625 16.0281425
10.14453125 15.9951
10.1484375 16.0190475
10.15234375 16.00116
10.15625 16.0361075
10.16015625 16.0369325
10.1640625 15.992275
10.16796875 15.941275
10.171875 16.0091725
10.17578125 16.0531075
10.1796875 15.9895
10.18359375 16.06531
10.1875 15.905975
10.19140625 15.966145
10.1953125 15.977325
10.19921875 15.98019625
10.203125 15.9440175
10.20703125 15.9863475
10.2109375 16.00572
10.21484375 15.962505
10.21875 15.94401
10.22265625 16.0134475
10.2265625 15.95763125
10.23046875 15.96552
10.234375 15.97117375
10.23828125 15.9699
10.2421875 16.031615
10.24609375 16.03714
10.25 16.015325
10.25390625 16.0177225
10.2578125 15.9641625
10.26171875 15.9973325
10.265625 16.0240125
10.26953125 16.0089875
10.2734375 16.0101325
10.27734375 15.96666
10.28125 15.9428775
10.28515625 15.9339775
10.2890625 15.9859025
10.29296875 15.975795
10.296875 15.9796175
10.30078125 16.0137975
10.3046875 15.9138275
10.30859375 15.99252
10.3125 15.9681775
10.31640625 16.0143075
10.3203125 16.0121025
10.32421875 15.8433275
10.328125 15.9430875
10.33203125 16.00893
10.3359375 15.9642125
10.33984375 16.119765
10.34375 16.0404675
10.34765625 15.9917025
10.3515625 15.987575
10.35546875 15.9903875
10.359375 15.8958525
10.36328125 15.999095
10.3671875 15.980635
10.37109375 15.9727725
10.375 16.01672
10.37890625 15.99382
10.3828125 15.96284
10.38671875 15.9777825
10.390625 15.96261
10.39453125 15.92809375
10.3984375 15.967115
10.40234375 15.952745
10.40625 15.9210325
10.41015625 15.991865
10.4140625 15.95608
10.41796875 15.9304925
10.421875 15.93003125
10.42578125 16.06602125
10.4296875 16.04352
10.43359375 16.03583
10.4375 15.9656825
10.44140625 15.9704875
10.4453125 16.0139925
10.44921875 16.043045
10.453125 16.001615
10.45703125 16.0577925
10.4609375 15.9981875
10.46484375 15.94532
10.46875 15.99228
10.47265625 15.9546525
10.4765625 15.9664425
10.48046875 15.879735
10.484375 15.9389975
10.48828125 15.96764
10.4921875 15.988105
10.49609375 15.94436
10.5 15.9912525
10.50390625 16.001615
10.5078125 15.984125
10.51171875 15.927815
10.515625 15.9065575
10.51953125 16.03769625
10.5234375 15.99934375
10.52734375 16.2755825
10.53125 16.0005575
10.53515625 15.999835
10.5390625 15.9634625
10.54296875 15.975415
10.546875 16.0063475
10.55078125 16.0225675
10.5546875 15.9884675
10.55859375 15.9423125
10.5625 15.98812
10.56640625 15.99822
10.5703125 16.014725
10.57421875 15.92105
10.578125 16.00374
10.58203125 15.9367625
10.5859375 15.97879
10.58984375 15.9953975
10.59375 15.92573
10.59765625 15.98176
10.6015625 16.0038975
10.60546875 15.9820325
10.609375 16.0551075
10.61328125 15.9769575
10.6171875 15.928955
10.62109375 15.9909525
10.625 15.97695375
10.62890625 15.9810625
10.6328125 15.9553375
10.63671875 15.9977175
10.640625 16.0055525
10.64453125 15.9875125
10.6484375 16.03451
10.65234375 16.0146025
10.65625 16.005005
10.66015625 15.9874125
10.6640625 15.9377725
10.66796875 15.97639
10.671875 15.983705
10.67578125 15.992675
10.6796875 15.899485
10.68359375 15.96169
10.6875 15.99106
10.69140625 16.0024875
10.6953125 15.97680875
10.69921875 15.9920475
10.703125 16.003445
10.70703125 15.94431
10.7109375 15.991115
10.71484375 16.02188
10.71875 15.99453875
10.72265625 15.97775
10.7265625 15.9975075
10.73046875 16.0040875
10.734375 15.9957075
10.73828125 15.968455
10.7421875 16.000105
10.74609375 16.01639
10.75 15.8938625
10.75390625 16.001675
10.7578125 15.99871
10.76171875 15.9795275
10.765625 15.9649325
10.76953125 15.9939775
10.7734375 15.9748025
10.77734375 16.0004075
10.78125 15.9782275
10.78515625 15.96411
10.7890625 15.91225
10.79296875 15.9887875
10.796875 16.02772
10.80078125 15.9983925
10.8046875 15.96350875
10.80859375 15.956725
10.8125 16.022215
10.81640625 20.023485
10.8203125 15.9837175
10.82421875 16.0773125
10.828125 16.012105
10.83203125 15.9788525
10.8359375 15.94255
10.83984375 15.924935
10.84375 16.0134525
10.84765625 15.91940875
10.8515625 16.0197875
10.85546875 16.0325525
10.859375 15.93722
10.86328125 16.011175
10.8671875 15.9535325
10.87109375 15.9434675
10.875 15.994285
10.87890625 15.9763875
10.8828125 16.0037825
10.88671875 15.9701975
10.890625 15.9829425
10.89453125 15.9125375
10.8984375 15.9743975
10.90234375 15.935935
10.90625 16.051085
10.91015625 16.1189775
10.9140625 16.015785
10.91796875 15.988535
10.921875 16.0162125
10.92578125 16.035355
10.9296875 15.9045175
10.93359375 15.94946875
10.9375 15.924695
10.94140625 15.87118
10.9453125 15.9421925
10.94921875 15.979455
10.953125 15.9639675
10.95703125 16.02697
10.9609375 15.8853375
10.96484375 15.9600025
10.96875 15.988995
10.97265625 15.919955
10.9765625 16.030955
10.98046875 16.00644
10.984375 16.0314025
10.98828125 15.98099
10.9921875 16.0010325
10.99609375 15.99829125
11.0 16.03625
11.00390625 16.02914
11.0078125 15.91394375
11.01171875 15.99923375
11.015625 16.02062375
11.01953125 16.01323625
11.0234375 15.9909925
11.02734375 15.99233125
11.03125 15.9974025
11.03515625 15.99368875
11.0390625 15.9817575
11.04296875 15.98616625
11.046875 15.9979425
11.05078125 15.99576375
11.0546875 16.018705
11.05859375 15.93735
11.0625 16.005265
11.06640625 16.0303
11.0703125 16.0122225
11.07421875 16.0075975
11.078125 15.9898325
11.08203125 15.9963875
11.0859375 15.998715
11.08984375 16.016045
11.09375 15.92127625
11.09765625 16.00239625
11.1015625 15.95526
11.10546875 16.0123925
11.109375 15.9847125
11.11328125 16.0483125
11.1171875 15.028895
11.12109375 15.98799
11.125 15.9425925
11.12890625 15.9979125
11.1328125 15.9723425
11.13671875 15.950745
11.140625 15.987675
11.14453125 15.969025
11.1484375 15.97693
11.15234375 16.0057725
11.15625 15.97397
11.16015625 15.962895
11.1640625 15.98307
11.16796875 16.027325
11.171875 15.98872
11.17578125 15.9221175
11.1796875 15.947075
11.18359375 16.058865
11.1875 15.9359725
11.19140625 16.0220675
11.1953125 15.83257
11.19921875 15.9488275
11.203125 16.02084
11.20703125 15.9617675
11.2109375 15.950705
11.21484375 16.01118
11.21875 15.9414325
11.22265625 15.93801
11.2265625 16.00949
11.23046875 15.952915
11.234375 16.0176125
11.23828125 15.9042925
11.2421875 15.953585
11.24609375 15.93437
11.25 15.89511
11.25390625 15.99187
11.2578125 15.991925
11.26171875 15.9633425
11.265625 15.9349175
11.26953125 15.960255
11.2734375 15.99317
11.27734375 16.017625
11.28125 15.9324375
11.28515625 15.904115
11.2890625 15.9564375
11.29296875 15.985195
11.296875 15.9895
11.30078125 15.9595625
11.3046875 15.9710675
11.30859375 15.92597
11.3125 16.0035725
11.31640625 15.9178875
11.3203125 16.0239175
11.32421875 15.9687125
11.328125 15.972265
11.33203125 15.977185
11.3359375 15.840025
11.33984375 15.976705
11.34375 15.8931375
11.34765625 15.9642075
11.3515625 15.996445
11.35546875 15.9884225
11.359375 16.03414
11.36328125 15.9772125
11.3671875 16.006265
11.37109375 15.93669
11.375 16.00995
11.37890625 15.92761
11.3828125 16.017265
11.38671875 15.9791975
11.390625 15.9255575
11.39453125 15.9806475
11.3984375 15.899525
11.40234375 15.9608675
11.40625 15.9727825
11.41015625 15.943105
11.4140625 15.9523725
11.41796875 15.951915
11.421875 15.9562525
11.42578125 15.9168325
11.4296875 16.0006925
11.43359375 15.948385
11.4375 16.0163375
11.44140625 16.0152575
11.4453125 15.99071
11.44921875 15.99061
11.453125 15.98509
11.45703125 15.98123375
11.4609375 16.055855
11.46484375 16.3677175
11.46875 15.9884125
11.47265625 16.0288225
11.4765625 15.90259
11.48046875 15.940585
11.484375 15.8915975
11.48828125 15.97664125
11.4921875 15.83949
11.49609375 15.948655
11.5 15.959455
11.50390625 15.9766875
11.5078125 15.9614625
11.51171875 15.94298375
11.515625 15.9917825
11.51953125 15.9656025
11.5234375 15.90957
11.52734375 16.033915
11.53125 16.0081425
11.53515625 16.07718
11.5390625 15.947325
11.54296875 16.0112
11.546875 15.9588225
11.55078125 15.989475
11.5546875 19.97136
11.55859375 19.9646225
11.5625 16.01108
11.56640625 19.9142375
11.5703125 15.977585
11.57421875 16.02611
11.578125 15.983925
11.58203125 16.0196425
11.5859375 15.93956
11.58984375 15.9004525
11.59375 15.905825
11.59765625 16.014775
11.6015625 15.9625675
11.60546875 16.01489375
11.609375 15.96168
11.61328125 15.9947725
11.6171875 15.930575
11.62109375 16.0154275
11.625 15.9962325
11.62890625 15.9950425
11.6328125 15.997205
11.63671875 16.04153
11.640625 16.118765
11.64453125 15.7890125
11.6484375 16.19262125
11.65234375 15.97179
11.65625 16.02697
11.66015625 16.05830875
11.6640625 15.92305125
11.66796875 16.009235
11.671875 16.0077825
11.67578125 15.9465175
11.6796875 15.9954675
11.68359375 15.93895
11.6875 15.9944825
11.69140625 15.9539775
11.6953125 16.006715
11.69921875 15.98887625
11.703125 16.0006525
11.70703125 15.9585275
11.7109375 15.8355075
11.71484375 15.8961425
11.71875 15.98608
11.72265625 15.92021875
11.7265625 16.029925
11.73046875 16.0253325
11.734375 15.97274
11.73828125 16.07224
11.7421875 15.977515
11.74609375 16.0049875
11.75 15.9410925
11.75390625 15.9675525
11.7578125 16.055985
11.76171875 16.02671
11.765625 15.9444
11.76953125 16.0011
11.7734375 15.5223375
11.77734375 15.957195
11.78125 15.6791825
11.78515625 16.0042975
11.7890625 16.01087
11.79296875 15.97941
11.796875 15.93705
11.80078125 15.9075275
11.8046875 15.969565
11.80859375 15.9562625
11.8125 15.9936225
11.81640625 15.971385
11.8203125 15.987575
11.82421875 16.0036475
11.828125 16.0258025
11.83203125 16.0529125
11.8359375 15.991385
11.83984375 15.9945525
11.84375 15.9742925
11.84765625 15.94401
11.8515625 16.0100475
11.85546875 15.9642975
11.859375 15.8644075
11.86328125 15.963075
11.8671875 15.979385
11.87109375 15.965665
11.875 15.910595
11.87890625 15.9758325
11.8828125 15.9824375
11.88671875 15.9809975
11.890625 16.014695
11.89453125 15.9370825
11.8984375 15.9439175
11.90234375 16.0267525
11.90625 16.010815
11.91015625 15.9635025
11.9140625 15.95255
11.91796875 15.96327
11.921875 16.0202
11.92578125 16.0047225
11.9296875 16.1571625
11.93359375 15.975825
11.9375 15.9987075
11.94140625 15.9997425
11.9453125 15.9892075
11.94921875 16.00885
11.953125 15.9912125
11.95703125 16.0161725
11.9609375 15.979965
11.96484375 15.923055
11.96875 15.960065
11.97265625 16.0127675
11.9765625 15.92276
11.98046875 15.9236075
11.984375 15.9735025
11.98828125 15.98655
11.9921875 16.037115
11.99609375 15.975975
12.0 15.966495
12.00390625 16.0090925
12.0078125 16.00123
12.01171875 15.9647725
12.015625 15.924285
12.01953125 16.16489
12.0234375 15.9979525
12.02734375 16.0204625
12.03125 15.882005
12.03515625 15.93388
12.0390625 16.02467
12.04296875 15.93348
12.046875 16.03056
12.05078125 16.0663475
12.0546875 15.9514325
12.05859375 16.0161
12.0625 15.91606375
12.06640625 15.99652
12.0703125 15.93977
12.07421875 15.9360125
12.078125 15.9412725
12.08203125 16.006185
12.0859375 15.9476675
12.08984375 15.952405
12.09375 16.0658475
12.09765625 16.011755
12.1015625 16.001795
12.10546875 15.9445725
12.109375 16.028925
12.11328125 15.980785
12.1171875 16.1323625
12.12109375 15.92202
12.125 16.01199
12.12890625 19.99863
12.1328125 15.9848775
12.13671875 16.025185
12.140625 15.9567075
12.14453125 16.012195
12.1484375 16.0546175
12.15234375 15.975985
12.15625 15.97467
12.16015625 15.9805775
12.1640625 15.8824875
12.16796875 15.925365
12.171875 15.9452175
12.17578125 15.94998125
12.1796875 15.9850725
12.18359375 15.911375
12.1875 15.9998225
12.19140625 15.958865
12.1953125 15.975765
12.19921875 15.9591075
12.203125 15.96219
12.20703125 15.99488
12.2109375 16.028125
12.21484375 16.0361
12.21875 16.0225425
12.22265625 15.76152
12.2265625 16.069485
12.23046875 15.95041
12.234375 15.9281075
12.23828125 15.99782
12.2421875 15.9220325
12.24609375 15.9647625
12.25 15.97332
12.25390625 15.991805
12.2578125 16.0114575
12.26171875 15.9420225
12.265625 15.995395
12.26953125 15.981335
12.2734375 15.952845
12.27734375 15.98123
12.28125 16.0162475
12.28515625 15.9410475
12.2890625 16.0313175
12.29296875 16.00536
12.296875 16.044485
12.30078125 15.9573375
12.3046875 16.000355
12.30859375 15.9718525
12.3125 16.0092675
12.31640625 19.9978675
12.3203125 15.912225
12.32421875 15.99672
12.328125 15.96655875
12.33203125 15.98009
12.3359375 16.00496
12.33984375 15.89932
12.34375 15.962385
12.34765625 15.980465
12.3515625 15.919215
12.35546875 15.9736775
12.359375 15.9907625
12.36328125 15.96119
12.3671875 15.940325
12.37109375 16.0025575
12.375 15.98646
12.37890625 16.0125675
12.3828125 15.9772225
12.38671875 15.98975625
12.390625 16.044395
12.39453125 16.0110675
12.3984375 15.9538325
12.40234375 15.61134
12.40625 15.899665
12.41015625 15.9850425
12.4140625 16.0116825
12.41796875 15.9870775
12.421875 15.968675
12.42578125 15.936875
12.4296875 16.0078275
12.43359375 15.9389875
12.4375 15.939665
12.44140625 16.004415
12.4453125 15.9645
12.44921875 15.96523375
12.453125 15.9984875
12.45703125 16.02274375
12.4609375 15.9716625
12.46484375 15.8748875
12.46875 16.0079375
12.47265625 15.8787375
12.4765625 15.9619625
12.48046875 16.020455
12.484375 16.00794
12.48828125 15.95318
12.4921875 16.0094475
12.49609375 16.0408125
12.5 15.90783
12.50390625 16.0103725
12.5078125 15.9954425
12.51171875 15.936525
12.515625 15.89996
12.51953125 15.9841075
12.5234375 16.00118
12.52734375 16.0159075
12.53125 15.993055
12.53515625 15.9644125
12.5390625 15.9899225
12.54296875 15.97394
12.546875 15.983705
12.55078125 15.96422
12.5546875 15.948045
12.55859375 15.9750025
12.5625 16.0142575
12.56640625 15.9683875
12.5703125 15.984785
12.57421875 15.9968725
12.578125 16.0080275
12.58203125 15.934745
12.5859375 16.00781
12.58984375 15.9567525
12.59375 15.88463
12.59765625 15.96946
12.6015625 15.9964575
12.60546875 13.93745
12.609375 15.9819375
12.61328125 15.90891
12.6171875 15.9730275
12.62109375 16.01449
12.625 15.9923375
12.62890625 15.9114675
12.6328125 16.0076025
12.63671875 15.8719875
12.640625 16.036305
12.64453125 16.0425475
12.6484375 15.900185
12.65234375 16.0124825
12.65625 15.964
12.66015625 16.0085525
12.6640625 15.9950725
12.66796875 16.0189975
12.671875 15.97348
12.67578125 15.941055
12.6796875 15.85562
12.68359375 15.9398425
12.6875 15.9792975
12.69140625 16.0351725
12.6953125 15.997615
12.69921875 15.9279275
12.703125 15.9885
12.70703125 16.0126075
12.7109375 16.006315
12.71484375 16.0151925
12.71875 15.9885475
12.72265625 15.8780625
12.7265625 15.8849675
12.73046875 15.971515
12.734375 15.947655
12.73828125 15.78997
12.7421875 16.0087875
12.74609375 16.01269
12.75 16.012455
12.75390625 16.02559
12.7578125 15.99602
12.76171875 15.9429475
12.765625 15.9781375
12.76953125 16.079125
12.7734375 16.0254075
12.77734375 16.0034975
12.78125 16.08484625
12.78515625 15.97694
12.7890625 15.94752
12.79296875 15.944255
12.796875 15.9648575
12.80078125 15.9156
12.8046875 15.9916075
12.80859375 16.0076825
12.8125 15.8576325
12.81640625 15.9924425
12.8203125 16.000405
12.82421875 15.9785925
12.828125 15.9012275
12.83203125 16.0031475
12.8359375 15.952415
12.83984375 16.0032525
12.84375 16.0156
12.84765625 15.9237
12.8515625 16.0095475
12.85546875 15.97475
12.859375 16.0196525
12.86328125 16.0846325
12.8671875 15.9583625
12.87109375 15.9018
12.875 15.938795
12.87890625 16.00288
12.8828125 15.9828875
12.88671875 15.8951875
12.890625 15.9643825
12.89453125 15.9735475
12.8984375 15.92319
12.90234375 15.9903225
12.90625 15.88181
12.91015625 15.93354
12.9140625 15.9713775
12.91796875 15.89928
12.921875 15.92342
12.92578125 15.8708825
12.9296875 15.98082
12.93359375 15.9493
12.9375 15.9300525
12.94140625 15.9279875
12.9453125 15.88876
12.94921875 16.0395175
12.953125 16.015715
12.95703125 16.0101575
12.9609375 15.9623875
12.96484375 15.97748
12.96875 15.9393225
12.97265625 15.9416125
12.9765625 15.951875
12.98046875 16.0170975
12.984375 16.0298125
12.98828125 15.961715
12.9921875 15.97204
12.99609375 15.96649
13.0 15.982715
13.00390625 15.994595
13.0078125 15.9283925
13.01171875 15.961225
13.015625 15.9872375
13.01953125 15.990165
13.0234375 16.0343
13.02734375 15.9954425
13.03125 15.9989475
13.03515625 15.9982475
13.0390625 15.8705575
13.04296875 15.89703
13.046875 16.0341475
13.05078125 16.051755
13.0546875 15.9963625
13.05859375 15.87452375
13.0625 16.008355
13.06640625 16.031535
13.0703125 15.9987775
13.07421875 15.9773625
13.078125 15.881075
13.08203125 15.88593125
13.0859375 15.8999525
13.08984375 15.9878275
13.09375 16.0020375
13.09765625 15.98971
13.1015625 15.9334475
13.10546875 15.960135
13.109375 15.905465
13.11328125 15.9105725
13.1171875 16.08434
13.12109375 16.00146
13.125 15.9699825
13.12890625 16.0426575
13.1328125 16.0222425
13.13671875 15.9475525
13.140625 16.0194
13.14453125 16.0944775
13.1484375 15.9184675
13.15234375 16.00432
13.15625 15.94489
13.16015625 15.9221725
13.1640625 16.002495
13.16796875 16.023965
13.171875 15.9267575
13.17578125 15.965495
13.1796875 15.9049
13.18359375 15.9104575
13.1875 15.9254
13.19140625 15.9701125
13.1953125 15.98972
13.19921875 16.04403
13.203125 15.985155
13.20703125 15.8908475
13.2109375 16.0679275
13.21484375 15.9620725
13.21875 15.9664825
13.22265625 15.894675
13.2265625 15.9584
13.23046875 15.95374
13.234375 15.9436775
13.23828125 16.043655
13.2421875 15.9264425
13.24609375 15.9030975
13.25 15.98498
13.25390625 16.00365
13.2578125 15.9455425
13.26171875 15.942735
13.265625 16.0061625
13.26953125 15.9328525
13.2734375 15.93896
13.27734375 15.903035
13.28125 15.973875
13.28515625 15.98282
13.2890625 15.98958125
13.29296875 15.9659225
13.296875 15.99354
13.30078125 15.97409
13.3046875 15.928355
13.30859375 16.0246375
13.3125 15.9436
13.31640625 16.02446
13.3203125 15.95843
13.32421875 15.845105
13.328125 16.01927
13.33203125 16.0006775
13.3359375 15.9594075
13.33984375 16.0170125
13.34375 15.9711175
13.34765625 15.9021675
13.3515625 15.93792875
13.35546875 15.9806325
13.359375 15.9493625
13.36328125 15.76216
13.3671875 15.90051875
13.37109375 16.00589
13.375 15.97430875
13.37890625 16.034855
13.3828125 15.9681925
13.38671875 15.9953025
13.390625 15.9729475
13.39453125 16.0233275
13.3984375 16.01731
13.40234375 15.92229
13.40625 15.9613575
13.41015625 15.9692525
13.4140625 15.996315
13.41796875 15.993125
13.421875 15.992605
13.42578125 15.9981375
13.4296875 15.910835
13.43359375 16.0052425
13.4375 15.8867375
13.44140625 15.9602975
13.4453125 15.986955
13.44921875 15.936365
13.453125 15.9450025
13.45703125 16.020315
13.4609375 15.9487725
13.46484375 15.99791
13.46875 16.0051475
13.47265625 15.9293075
13.4765625 15.9535175
13.48046875 15.9971025
13.484375 15.838255
13.48828125 15.876745
13.4921875 16.0344575
13.49609375 15.9512725
13.5 15.96657
13.50390625 15.9906925
13.5078125 15.9584875
13.51171875 15.9817425
13.515625 15.963955
13.51953125 15.9850925
13.5234375 15.888305
13.52734375 15.9392875
13.53125 15.9391
13.53515625 15.9801925
13.5390625 15.965035
13.54296875 15.9617775
13.546875 15.9583275
13.55078125 16.0147575
13.5546875 16.0116525
13.55859375 16.0389175
13.5625 16.0104075
13.56640625 16.01172375
13.5703125 15.90099125
13.57421875 15.906525
13.578125 15.974275
13.58203125 16.02239
13.5859375 16.01453625
13.58984375 15.9243925
13.59375 15.8313175
13.59765625 15.969275
13.6015625 15.8752525
13.60546875 16.0071775
13.609375 15.98257
13.61328125 15.959465
13.6171875 15.90018375
13.62109375 15.949615
13.625 15.9675775
13.62890625 15.9187825
13.6328125 15.9958025
13.63671875 15.9428725
13.640625 15.9960375
13.64453125 16.0042325
13.6484375 15.9816725
13.65234375 16.02242
13.65625 15.99783875
13.66015625 15.9603775
13.6640625 16.0165025
13.66796875 16.0479
13.671875 15.9950225
13.67578125 15.9936225
13.6796875 16.0117475
13.68359375 15.9922625
13.6875 15.9657925
13.69140625 15.99775
13.6953125 15.968615
13.69921875 15.84497
13.703125 15.9889625
13.70703125 15.9996475
13.7109375 15.95396
13.71484375 15.9364775
13.71875 15.91517
13.72265625 15.91896
13.7265625 15.9648475
13.73046875 15.9777075
13.734375 15.9154075
13.73828125 15.93929
13.7421875 15.9562425
13.74609375 15.9820575
13.75 15.9821575
13.75390625 15.91969
13.7578125 16.0397625
13.76171875 15.8976175
13.765625 15.9827425
13.76953125 15.965995
13.7734375 15.9400625
13.77734375 16.0067525
13.78125 15.992035
13.78515625 15.9212575
13.7890625 15.9528175
13.79296875 15.92144
13.796875 15.9724775
13.80078125 15.9661975
13.8046875 15.96394
13.80859375 15.99396
13.8125 15.933115
13.81640625 15.879785
13.8203125 15.9756925
13.82421875 15.94425
13.828125 15.9551575
13.83203125 16.0105525
13.8359375 15.944195
13.83984375 15.9855625
13.84375 15.9655
13.84765625 15.996665
13.8515625 15.9875675
13.85546875 15.9603175
13.859375 16.00194875
13.86328125 15.95516
13.8671875 15.902005
13.87109375 15.94613375
13.875 15.91978625
13.87890625 16.00412625
13.8828125 15.95596375
13.88671875 16.00309875
13.890625 15.9172025
13.89453125 15.9825525
13.8984375 16.03334
13.90234375 15.9648375
13.90625 15.935845
13.91015625 15.9772475
13.9140625 15.9753925
13.91796875 15.7520125
13.921875 15.86884
13.92578125 15.96947
13.9296875 15.89981
13.93359375 15.939045
13.9375 15.9133225
13.94140625 16.0015675
13.9453125 15.96369
13.94921875 15.9728175
13.953125 15.87501
13.95703125 16.0019725
13.9609375 15.9532425
13.96484375 15.99356375
13.96875 15.9452575
13.97265625 15.9500175
13.9765625 15.969945
13.98046875 15.8822525
13.984375 15.944785
13.98828125 15.9438925
13.9921875 15.939215
13.99609375 16.0065175
14.0 15.88874375
14.00390625 15.999125
14.0078125 15.91472
14.01171875 15.9217125
14.015625 15.91203
14.01953125 15.9405275
14.0234375 15.91324
14.02734375 15.9337675
14.03125 15.946865
14.03515625 15.9658
14.0390625 16.0325525
14.04296875 16.05407
14.046875 16.0609675
14.05078125 16.0155525
14.0546875 15.9235425
14.05859375 15.8095925
14.0625 15.9977775
14.06640625 15.94116
14.0703125 15.77756125
14.07421875 15.931325
14.078125 15.9452125
14.08203125 15.98513
14.0859375 15.911805
14.08984375 15.9231425
14.09375 15.9728675
14.09765625 15.9703
14.1015625 15.967645
14.10546875 15.86793
14.109375 15.930055
14.11328125 15.9326475
14.1171875 15.91405
14.12109375 16.002445
14.125 15.9431325
14.12890625 15.9748925
14.1328125 16.03118
14.13671875 15.984605
14.140625 15.77872875
14.14453125 15.9441975
14.1484375 15.999335
14.15234375 15.9358275
14.15625 16.00282875
14.16015625 15.9826575
14.1640625 15.918295
14.16796875 15.999665
14.171875 15.976045
14.17578125 15.97315
14.1796875 15.8646725
14.18359375 16.0234875
14.1875 15.8846775
14.19140625 15.948165
14.1953125 15.995195
14.19921875 15.956895
14.203125 15.91767625
14.20703125 15.941885
14.2109375 15.9858
14.21484375 15.999125
14.21875 15.9592225
14.22265625 15.956585
14.2265625 15.846955
14.23046875 15.9849
14.234375 15.969975
14.23828125 16.00288
14.2421875 16.0082375
14.24609375 16.012915
14.25 15.960855
14.25390625 15.9483275
14.2578125 15.950695
14.26171875 15.9056775
14.265625 15.9678525
14.26953125 15.9903
14.2734375 15.93085625
14.27734375 15.98913
14.28125 15.9600925
14.28515625 15.8510575
14.2890625 15.9427975
14.29296875 16.00413
14.296875 15.88332125
14.30078125 15.963365
14.3046875 15.92219
14.30859375 16.02226
14.3125 15.968835
14.31640625 16.0155725
14.3203125 16.005865
14.32421875 15.8809175
14.328125 15.8968525
14.33203125 15.9353675
14.3359375 15.966585
14.33984375 15.97345875
14.34375 15.95869
14.34765625 15.9795575
14.3515625 15.94754
14.35546875 15.9344475
14.359375 15.91285375
14.36328125 15.977075
14.3671875 15.9470925
14.37109375 15.93523625
14.375 16.0092475
14.37890625 15.99815
14.3828125 15.9666975
14.38671875 15.948815
14.390625 15.94526
14.39453125 16.0188625
14.3984375 16.0880675
14.40234375 15.9483125
14.40625 16.0122525
14.41015625 16.012075
14.4140625 15.9979575
14.41796875 16.005395
14.421875 15.874985
14.42578125 15.93225
14.4296875 15.9852375
14.43359375 15.8281625
14.4375 15.95999
14.44140625 8.0331175
14.4453125 15.99779
14.44921875 15.901765
14.453125 15.9711575
14.45703125 15.9098225
14.4609375 16.014205
14.46484375 15.969385
14.46875 15.977945
14.47265625 15.9548325
14.4765625 15.9620325
14.48046875 15.94793
14.484375 15.956425
14.48828125 15.95974
14.4921875 15.9463175
14.49609375 16.0148825
14.5 15.8503125
14.50390625 15.9345625
14.5078125 15.998895
14.51171875 15.9922875
14.515625 15.9558825
14.51953125 16.003355
14.5234375 15.9351075
14.52734375 15.97534
14.53125 15.960505
14.53515625 15.95201
14.5390625 15.88698
14.54296875 15.8942375
14.546875 15.8982925
14.55078125 15.945825
14.5546875 15.9543775
14.55859375 15.974025
14.5625 15.976355
14.56640625 15.90364
14.5703125 15.851635
14.57421875 15.944295
14.578125 15.948355
14.58203125 15.93574
14.5859375 16.0270025
14.58984375 16.00764
14.59375 15.9697525
14.59765625 15.9945575
14.6015625 15.9439575
14.60546875 15.92204
14.609375 15.94543
14.61328125 15.8523525
14.6171875 15.9214075
14.62109375 15.9804775
14.625 15.9487275
14.62890625 15.950465
14.6328125 15.947375
14.63671875 15.874525
14.640625 15.8474975
14.64453125 15.8787725
14.6484375 15.933305
14.65234375 16.0078425
14.65625 15.9698925
14.66015625 15.9292925
14.6640625 15.9276825
14.66796875 15.9624775
14.671875 15.99209
14.67578125 15.9478275
14.6796875 15.9660675
14.68359375 16.030415
14.6875 15.8899975
14.69140625 15.91445
14.6953125 15.98382
14.69921875 15.94851375
14.703125 15.977825
14.70703125 15.96115375
14.7109375 15.912485
14.71484375 15.85242
14.71875 15.9264975
14.72265625 15.993115
14.7265625 15.96703
14.73046875 15.94844
14.734375 16.0149775
14.73828125 15.9586475
14.7421875 15.932475
14.74609375 15.8584925
14.75 15.9310125
14.75390625 15.9559275
14.7578125 15.9513875
14.76171875 16.04404875
14.765625 15.94759
14.76953125 15.992935
14.7734375 15.9592025
14.77734375 15.99978875
14.78125 15.9254625
14.78515625 15.90831
14.7890625 15.9893825
14.79296875 16.018265
14.796875 15.9740975
14.80078125 15.90842375
14.8046875 16.0234875
14.80859375 15.9934175
14.8125 15.90471
14.81640625 15.906645
14.8203125 15.9865225
14.82421875 15.83283
14.828125 15.912155
14.83203125 16.038655
14.8359375 15.8548075
14.83984375 15.9836375
14.84375 15.948425
14.84765625 15.90202
14.8515625 15.887765
14.85546875 15.9415575
14.859375 15.88679
14.86328125 15.993755
14.8671875 16.0073225
14.87109375 16.0021025
14.875 15.9847475
14.87890625 16.0378375
14.8828125 15.9785025
14.88671875 15.9948125
14.890625 15.9791775
14.89453125 15.9510925
14.8984375 15.94002
14.90234375 15.97144
14.90625 15.9155675
14.91015625 15.9483275
14.9140625 15.9613325
14.91796875 15.96035
14.921875 15.8836025
14.92578125 15.9436025
14.9296875 15.9409525
14.93359375 15.98978
14.9375 15.9508325
14.94140625 15.84328
14.9453125 15.9923925
14.94921875 16.0317975
14.953125 15.9789
14.95703125 15.91086
14.9609375 15.8617225
14.96484375 16.002395
14.96875 15.978905
14.97265625 16.02027
14.9765625 15.96744
14.98046875 15.9627875
14.984375 15.978935
14.98828125 15.971315
14.9921875 15.9662375
14.99609375 15.9122375
15.0 15.94099
15.00390625 15.965045
15.0078125 15.942005
15.01171875 15.945145
15.015625 15.9959575
15.01953125 15.97204
15.0234375 15.90746125
15.02734375 15.95903875
15.03125 15.9238825
15.03515625 16.0001325
15.0390625 15.97602125
15.04296875 15.9367525
15.046875 16.0117575
15.05078125 15.9328075
15.0546875 15.9538375
15.05859375 15.9661725
15.0625 15.89992
15.06640625 15.8047425
15.0703125 15.956255
15.07421875 15.971485
15.078125 15.9730575
15.08203125 15.903735
15.0859375 15.988475
15.08984375 15.986
15.09375 15.930675
15.09765625 16.02264
15.1015625 15.90809625
15.10546875 16.0142175
15.109375 15.90255
15.11328125 15.9608775
15.1171875 15.973955
15.12109375 15.9617625
15.125 15.9546775
15.12890625 15.99538
15.1328125 15.9779075
15.13671875 15.83924125
15.140625 15.93999
15.14453125 16.0340825
15.1484375 15.96755
15.15234375 16.0007675
15.15625 15.9430375
15.16015625 15.9382125
15.1640625 15.9922625
15.16796875 15.932025
15.171875 15.9404125
15.17578125 15.97506
15.1796875 15.9487375
15.18359375 15.9283425
15.1875 15.9043325
15.19140625 16.04332
15.1953125 16.0078325
15.19921875 15.98968
15.203125 15.9871575
15.20703125 15.8150775
15.2109375 15.95599
15.21484375 15.9945075
15.21875 15.962785
15.22265625 16.02392
15.2265625 15.9229475
15.23046875 15.9045125
15.234375 15.958185
15.23828125 15.95471875
15.2421875 15.97408
15.24609375 15.94562
15.25 15.66433375
15.25390625 16.448945
15.2578125 15.95787625
15.26171875 15.72826875
15.265625 15.981865
15.26953125 15.96444
15.2734375 15.946565
15.27734375 15.95770875
15.28125 15.96558125
15.28515625 15.988935
15.2890625 15.9745125
15.29296875 15.9330425
15.296875 14.9241525
15.30078125 15.962185
15.3046875 15.9677025
15.30859375 15.91737
15.3125 15.907515
15.31640625 15.917965
15.3203125 15.902205
15.32421875 15.93957875
15.328125 15.9821025
15.33203125 15.9513725
15.3359375 15.97158
15.33984375 15.9995975
15.34375 15.9245425
15.34765625 15.931225
15.3515625 15.88178
15.35546875 15.9060525
15.359375 15.982115
15.36328125 15.9265325
15.3671875 15.933
15.37109375 15.8856925
15.375 15.82079375
15.37890625 16.000645
15.3828125 15.9702775
15.38671875 15.960305
15.390625 15.932845
15.39453125 15.9327125
15.3984375 15.8512975
15.40234375 15.9789175
15.40625 15.9036775
15.41015625 15.9833625
15.4140625 15.95278
15.41796875 15.983525
15.421875 15.8508975
15.42578125 15.9497975
15.4296875 16.01069
15.43359375 15.99476
15.4375 15.9789325
15.44140625 16.04543
15.4453125 15.99182125
15.44921875 15.9743425
15.453125 15.952765
15.45703125 15.99257
15.4609375 15.9655775
15.46484375 15.904775
15.46875 15.97263
15.47265625 15.9757975
15.4765625 15.911235
15.48046875 15.9333475
15.484375 15.9702075
15.48828125 15.9169175
15.4921875 16.0014375
15.49609375 15.9472825
15.5 15.92404
15.50390625 16.0269475
15.5078125 15.9479325
15.51171875 15.9040525
15.515625 15.98553
15.51953125 15.97394
15.5234375 15.87351
15.52734375 15.9758625
15.53125 15.9757
15.53515625 15.9541775
15.5390625 15.9053725
15.54296875 15.90681
15.546875 15.9623425
15.55078125 15.97578
15.5546875 15.9586275
15.55859375 16.003325
15.5625 15.955465
15.56640625 16.00445
15.5703125 15.9847375
15.57421875 15.98026
15.578125 15.94975
15.58203125 16.0306475
15.5859375 15.927295
15.58984375 15.95121875
15.59375 16.0035575
15.59765625 15.9807125
15.6015625 15.97174
15.60546875 15.9615225
15.609375 15.8860625
15.61328125 15.965815
15.6171875 15.9521625
15.62109375 15.9157725
15.625 16.0089675
